param N = 13;
param V = 3;

param vehicle_capacity :=
1	3000
2	5000
3	14000
;

param demand :=
1	915
2	924
3	829
4	904
5	893
6	902
7	892
8	938
9	857
10	930
11	870
12	918
13	952
;

param cost:= 
[*,*,1]: 0 		1 		2 		3 		4 		5 		6 		7 		8 		9 		10 		11 		12 		13:=
0	0	1.921333333	1.998066667	2.537733333	2.303333333	1.708066667	3.330066667	2.041866667	1.605533333	1.5038	2.446533333	1.897533333	2.099533333	2.152466667
1	2.713533333	0	2.7782	3.141266667	0.559466667	2.333266667	4.112066667	2.666866667	1.998533333	1.335666667	3.0778	2.537266667	2.669533333	2.934266667
2	2.2814	2.798733333	0	1.377533333	3.180733333	1.248133333	1.7566	1.346066667	0.771733333	1.385933333	0.843066667	1.1716	1.704466667	0.778066667
3	2.3224	3.248333333	1.6216	0	3.630333333	0.786466667	2.812666667	0.877733333	1.400933333	1.947533333	1.033266667	0.758133333	0.366933333	1.623333333
4	3.174266667	0.993333333	3.238933333	3.602	0	2.794	4.5728	3.1276	2.459266667	1.7964	3.538533333	2.998	3.130266667	3.395
5	1.95	2.467333333	1.254733333	0.8396	2.849333333	0	2.5884	0.332133333	0.853666667	1.1968	0.743066667	0.202533333	0.691066667	1.077533333
6	3.4852	4.002533333	1.643066667	2.355666667	4.384533333	2.451933333	0	2.5304	2.1494	2.7636	1.9516	2.3754	2.7224	1.981866667
7	1.850866667	2.3682	0.9226	1.132533333	2.7502	0.568866667	2.256266667	0	0.521533333	1.135733333	1.0312	0.492333333	1.249733333	0.7454
8	1.913933333	1.8704	0.779133333	1.4208	2.2524	0.857133333	2.215	0.955066667	0	0.6142	1.319466667	0.7806	1.538	1.035533333
9	1.9782	1.2564	1.493866667	2.035	1.6384	1.193666667	2.827533333	1.527466667	0.662866667	0	1.942333333	1.3948	1.585133333	1.649733333
10	2.896466667	3.4138	1.139266667	0.978133333	3.7958	0.980133333	1.7794	1.103066667	1.562333333	2.176533333	0	0.990133333	1.344866667	1.3948
11	3.019866667	3.5372	1.1374	0.8468	3.9192	0.776066667	2.319933333	0.899	1.685733333	2.299933333	0.540533333	0	1.192333333	1.5182
12	2.172533333	2.844266667	1.945933333	0.7706	3.226266667	0.7426	3.278133333	1.012933333	1.555066667	1.573733333	1.1124	0.893333333	0	1.758533333
13	2.018333333	2.535666667	1.076733333	1.489133333	2.917666667	0.925466667	2.4106	1.0234	0.6842	1.2984	1.3878	0.848933333	1.606333333	0

[*,*,2]: 0 		1 		2 		3 		4 		5 		6 		7 		8 		9 		10 		11 		12 		13:=
0	0	3.157888889	3.197727778	4.036588889	3.761388889	2.725227778	5.338727778	3.247711111	2.575238889	2.448316667	3.910322222	3.031238889	3.339738889	3.416261111
1	4.424238889	0	4.500183333	5.073327778	0.885177778	3.797661111	6.643894444	4.319794444	3.211322222	2.170194444	4.967816667	4.114661111	4.332238889	4.721077778
2	3.649116667	4.543338889	0	2.166238889	5.146838889	1.958122222	2.78905	2.113394444	1.206088889	2.177605556	1.318144444	1.8403	2.667261111	1.201061111
3	3.727533333	5.253472222	2.5178	0	5.856972222	1.230761111	4.434944444	1.376588889	2.190522222	3.058738889	1.612661111	1.185622222	0.579355556	2.529722222
4	5.144411111	1.557222222	5.220355556	5.7935	0	4.517833333	7.364066667	5.039966667	3.931494444	2.890366667	5.687988889	4.834833333	5.052411111	5.44125
5	3.115833333	4.010055556	1.966338889	1.315966667	4.613555556	0	4.1097	0.520122222	1.331694444	1.877733333	1.168144444	0.314988889	1.085477778	1.672905556
6	5.602433333	6.496655556	2.618144444	3.745194444	7.100155556	3.911438889	0	4.011533333	3.43645	4.407966667	3.121966667	3.793616667	4.3242	3.154377778
7	2.968461111	3.862683333	1.446216667	1.775822222	4.466183333	0.888294444	3.589577778	0	0.811572222	1.783088889	1.621266667	0.770472222	1.967588889	1.152783333
8	3.063272222	3.026533333	1.215705556	2.2264	3.630033333	1.338872222	3.53125	1.494144444	0	0.971516667	2.071844444	1.22105	2.418166667	1.606072222
9	3.21185	2.055366667	2.358711111	3.199583333	2.658866667	1.871694444	4.502072222	2.394177778	1.041127778	0	3.071305556	2.194233333	2.486205556	2.579255556
10	4.634927778	5.52915	1.779827778	1.553955556	6.13265	1.545788889	2.822283333	1.736477778	2.471305556	3.442822222	0	1.554955556	2.132961111	2.189233333
11	4.830877778	5.7251	1.77045	1.330233333	6.3286	1.222561111	3.675438889	1.41325	2.667255556	3.638772222	0.853155556	0	1.877138889	2.385183333
12	3.490822222	4.601911111	3.059272222	1.205216667	5.205411111	1.15955	5.200622222	1.586522222	2.439144444	2.469588889	1.750033333	1.395555556	0	2.739655556
13	3.222638889	4.116861111	1.681505556	2.316538889	4.720361111	1.429011111	3.825216667	1.584283333	1.059016667	2.030533333	2.161983333	1.311188889	2.508305556	0

[*,*,3]: 0 		1 		2 		3 		4 		5 		6 		7 		8 		9 		10 		11 		12 		13:=
0	0	3.638222222	3.697244444	4.671022222	4.337222222	3.152244444	6.171244444	3.758177778	2.976622222	2.824266667	4.521955556	3.505622222	3.864622222	3.954377778
1	5.102622222	0	5.194733333	5.858644444	1.025044444	4.380977778	7.671911111	4.986511111	3.710955556	2.504111111	5.737266667	4.748977778	4.999622222	5.454644444
2	4.219466667	5.243022222	0	2.510622222	5.942022222	2.270155556	3.2282	2.449911111	1.399022222	2.524088889	1.528911111	2.1332	3.093377778	1.395577778
3	4.308133333	6.065555556	2.9232	0	6.764555556	1.427377778	5.138111111	1.596022222	2.540755556	3.545622222	1.870977778	1.375155556	0.671088889	2.935555556
4	5.937977778	1.805555556	6.030088889	6.694	0	5.216333333	8.507266667	5.821866667	4.546311111	3.339466667	6.572622222	5.584333333	5.834977778	6.29
5	3.603333333	4.626888889	2.280022222	1.525866667	5.325888889	0	4.7568	0.603155556	1.545111111	2.176933333	1.353911111	0.365622222	1.258244444	1.942288889
6	6.473733333	7.497288889	3.028911111	4.334111111	8.196288889	4.524422222	0	4.644133333	3.9738	5.098866667	3.609866667	4.387466667	5.0048	3.649844444
7	3.431177778	4.454733333	1.676866667	2.058955556	5.153733333	1.030511111	4.153644444	0	0.941955556	2.067022222	1.879066667	0.893555556	2.280022222	1.339133333
8	3.541755556	3.494133333	1.410488889	2.5816	4.193133333	1.553155556	4.085	1.732911111	0	1.125066667	2.401711111	1.4162	2.802666667	1.864955556
9	3.7064	2.369466667	2.732177778	3.708333333	3.068466667	2.170111111	5.208955556	2.776044444	1.206844444	0	3.556888889	2.542933333	2.882488889	2.991688889
10	5.359044444	6.3826	2.064644444	1.798488889	7.0816	1.790822222	3.267133333	2.012244444	2.861888889	3.986955556	0	1.802488889	2.469177778	2.537933333
11	5.585844444	6.6094	2.0548	1.541933333	7.3084	1.416577778	4.255422222	1.638	3.088688889	4.213755556	0.988288889	0	2.175222222	2.764733333
12	4.033955556	5.312977778	3.545755556	1.397866667	6.011977778	1.3452	6.020155556	1.839755556	2.827911111	2.863022222	2.028133333	1.618888889	0	3.179288889
13	3.727222222	4.750777778	1.950688889	2.688822222	5.449777778	1.660377778	4.427866667	1.840133333	1.230066667	2.355133333	2.508933333	1.523422222	2.909888889	0
;
