0	7651	5837	19756	14605	18493	8815	15546	19092	23918	23324	18820	17592	17251	5158	12509	21564	22774	23724	12436	20043	20357	19402	8466	18581	19401	9348	14732	31359	17899	5517	19813	1389	5062	19551	13879	12543	7383	8669	25240	12277	13734	8126	14684	5701	28054	4170	5600	9114	7803	10417	21375	21139	8256	28665	24329	28987	29892	24474	6217	12567	24472	29117	11843	18828	8463	10141	14106	17497	29455	4721	26594	21423	31911	7943	13020	14531	6150	20029	5225	7055	4136	31363	13478	20531	6707	21214	23813	11895
8225	0	1871	11542	10612	9505	6369	7893	12029	12970	20750	10606	10910	11094	4247	9936	18990	15711	21150	7930	11112	11426	11188	8714	10741	12338	15708	7184	31396	15325	6288	12750	6401	4198	12488	11305	11327	13743	6095	15009	8324	7328	14486	8684	12061	30026	10530	4508	10477	14163	7845	14312	14076	14616	28702	21756	28296	29929	21900	7948	8021	21899	26543	10279	11765	10320	7594	11532	8840	26882	3186	14045	18849	17050	5375	6001	11957	3694	11815	6956	1864	4815	31400	6415	10437	2741	10921	30173	7389
3809	2607	0	13189	17176	11152	7723	9248	13676	14617	21608	12253	12790	12449	2376	10794	19848	17358	22008	9285	12759	13073	12835	6172	12388	13985	11919	9460	33930	16183	4568	14397	3306	2517	14135	12163	15114	9954	6953	27811	9971	8975	10697	10331	5789	30625	6741	2637	8340	7517	9492	15959	15723	10827	31236	22614	29154	32463	22758	6228	9376	22757	27401	9666	13412	7384	7965	12390	10487	27740	3135	15692	19707	18697	6730	7648	12815	3368	13462	5236	2722	3095	33934	8062	12084	1663	12568	26384	8744
21565	11348	13219	0	7182	6804	10530	8090	10053	10994	17556	1704	4680	4338	12315	11027	18695	4907	17956	7730	2437	2751	3359	12082	3547	7959	12161	8191	8907	20015	14827	10774	18485	15546	7697	11446	9409	12542	11348	4200	7095	7136	12790	7279	13597	6992	19794	13436	11177	12467	6224	4575	4957	12498	6213	11896	6535	7440	9044	13606	8218	9664	23349	8858	8618	12926	10304	12319	4061	7081	14534	6641	18161	4149	8389	7035	11260	10711	1017	12994	13212	12657	8911	8468	3230	12040	4439	4559	7984
15688	9169	11040	7649	0	4071	4766	2326	11686	12627	17434	6286	3341	3000	9584	13351	16504	10739	17834	3528	5792	6106	7986	6318	4330	11348	6397	9602	21663	16237	9063	12407	16623	20108	11468	12857	3645	6778	11879	9689	4656	4706	7026	8690	7833	18357	9354	11003	5413	6703	3785	10406	9968	6734	18969	24367	19291	20196	13394	7842	2454	15496	23227	3094	11421	7162	4540	13730	6797	21039	12354	12473	15112	12079	5950	8446	12671	8012	6971	7230	11032	9324	21667	9655	6280	9843	8435	10047	3659
15679	7454	9325	4985	6124	0	6215	5526	7615	8556	13363	4049	4252	4594	8421	8367	12433	8499	13763	4008	4388	4702	4631	7730	3401	7277	9493	5531	13892	12166	10475	8336	13855	11652	7397	8786	7662	9941	8688	8285	3373	3243	9775	4619	9245	11977	10766	9919	8731	9800	3014	6849	6613	10385	11198	12437	11520	12425	9323	9254	5655	11983	19156	7998	7350	8574	5952	9659	2726	11675	10640	8984	11041	9133	5004	4375	8600	6817	5258	8642	9318	9039	13896	5808	3713	8523	4364	8643	4262
7715	4403	6274	10489	6113	5011	0	3394	10503	11444	16928	7225	6936	6595	4818	8585	15321	14185	17328	3430	9387	9701	10135	4178	6246	10812	6701	7386	19396	13146	4954	11224	8650	8601	10962	9930	6828	7187	7113	13284	2741	3793	6983	7158	5445	17481	6305	6237	5977	7046	3350	12786	12550	7593	16702	16002	17024	17929	12888	4942	3522	15548	22721	5780	10239	5820	3218	10803	8230	15210	7588	12519	13929	15524	876	4475	9744	3246	10762	3950	6266	4558	19400	4889	7549	5077	10825	13642	3151
12031	6843	8714	9033	3902	5607	2440	0	12943	13884	19368	7821	4725	4384	7258	11025	17761	12123	19768	2661	7176	7490	9521	3992	5714	13252	4418	9826	23047	15586	6737	13664	12966	11041	13402	12370	4617	4452	9553	11073	2502	3959	4700	9598	5507	19741	7028	8677	3087	4377	3856	11790	12172	5310	20353	18442	20675	21580	15328	5516	1311	17988	25161	3497	12679	4836	2214	13243	7354	17650	10028	14959	16369	13463	3316	6915	12184	5686	8355	4904	8706	6998	23051	7329	7664	7517	8992	11431	2120
21965	11948	13819	9458	12697	10276	11971	13496	0	1752	9820	9359	10199	10541	13050	8334	5629	8469	10220	13532	11715	12029	6653	14317	10030	4507	16802	6496	20466	5362	15094	2347	20141	20054	2577	8388	14235	27483	14628	13772	10477	9481	17084	6330	16593	19096	24270	14469	16079	17148	10128	7439	7203	28356	17772	8947	17366	18999	5833	15082	13624	8493	15613	15881	1627	15922	13196	8490	6262	9494	19713	6803	4237	9808	10978	7124	8202	11310	10295	14090	16731	13668	20470	6342	12508	13017	6298	21766	12991
21187	11979	13850	9489	12728	10307	12002	13527	811	0	9042	9390	10230	10572	13081	8365	4851	8500	9442	13563	11746	12060	6684	14348	10061	4538	16833	6527	19688	4584	15125	2378	19363	19276	2608	8419	14266	26705	13850	13803	10508	9512	17115	6361	16624	18318	23492	14500	16110	17179	10159	7470	7234	27578	16994	8169	16588	18221	5055	15113	13655	7715	14835	15912	1658	15953	13227	7712	6293	9525	18935	6834	3459	9839	11009	7155	8233	11341	10326	14121	15953	13699	19692	6373	12539	13048	6329	20988	13022
26657	23734	23393	19477	35468	17097	20237	21762	11713	10903	0	21181	17608	23815	27442	18649	9494	12323	2411	18483	21914	22686	12842	33259	16958	10696	34141	14861	17541	10814	30310	12035	24833	24747	9074	14937	34733	32176	19321	18537	17848	16852	32919	13949	30494	16171	28963	27702	33907	32596	17499	13416	13393	33049	14847	7901	14441	16074	7638	31010	21890	7966	7804	22016	10128	33256	21462	13182	13707	13027	24406	9782	8961	13662	19243	15390	15589	25950	20494	30018	21424	28929	17545	14608	22707	24263	13743	18841	18737
18604	9643	11514	3354	6983	5099	8232	8625	8348	9289	13645	0	3668	4010	10610	9322	13036	6868	14045	6025	4005	4319	3000	9747	3018	6575	11510	6486	12261	12769	13037	9069	16780	13841	7338	9741	9058	11958	9643	6810	5390	5431	11792	5574	11262	10346	12783	11731	10748	11817	4519	5218	4982	13034	9567	15250	9889	10794	11005	11271	8754	11625	19438	9394	8259	10591	7969	10614	2356	10435	12829	8602	11645	7503	6684	5330	9555	9006	3628	12033	11507	10952	12265	6763	3330	10335	2734	7169	6279
17698	10163	12034	5053	3315	3893	6663	4223	10368	11309	27468	3364	0	342	11130	11524	28607	8180	27868	5425	3233	3547	5063	8215	1160	8638	8294	8688	19104	14832	10960	11089	18633	14361	9401	11943	5542	8675	11845	7130	4183	4233	8923	7776	9730	15798	15927	12628	7310	8600	3312	7847	7045	8631	16410	21808	16732	17637	12317	9739	4351	12937	33261	4991	10322	9059	6437	12816	4621	18480	13349	9914	13708	9520	5477	7532	11757	9526	4412	9127	12027	11221	19108	8965	3721	11232	5536	7488	5072
17357	10505	12376	4749	2974	5627	6322	3882	10710	11651	27127	3706	342	0	11140	14907	28266	7839	27527	5084	2892	3206	5405	7874	1502	10891	7953	9030	18763	29586	10619	11431	18292	21777	9743	12285	5201	8334	13435	6789	4525	4575	8582	8118	9389	15457	15586	12559	6969	8259	3654	7506	7888	8290	16069	21467	16391	17296	11976	9398	4010	12596	32920	4650	10664	8718	6096	13158	4963	18139	13691	9573	15315	9179	5819	7874	12099	9568	4071	8786	12369	10880	18767	11211	3380	11399	5878	7147	5215
5612	2410	1845	11140	9591	9746	5347	6872	12070	13011	23160	10204	10414	10073	0	10152	21400	15752	23560	6909	11353	11667	10786	5153	10982	12379	8685	7084	20047	17735	3549	12791	5109	4872	12529	13715	10306	6639	8505	14595	6219	7569	6887	8725	4770	18132	4900	2993	7321	6498	8086	14353	14117	8360	17353	24166	17675	18580	14455	5209	7000	24309	28953	7677	11806	6365	5090	13942	8881	16777	5596	14086	21259	17091	4354	6042	11311	992	11413	4217	4274	2076	20051	6456	10678	1338	10519	26647	6368
12929	8679	9665	11736	12945	9689	8701	10226	8052	8993	16903	10800	13768	13427	9781	0	15143	11734	17303	10263	11800	12114	9548	11047	10813	8361	13533	4586	27549	11478	16582	8773	11105	11019	8511	7478	13660	18447	3986	15191	9229	8233	19190	4358	16766	26179	15235	11200	12810	18867	8880	10335	10099	19320	24855	17909	24449	26082	10437	11812	10354	13097	22696	12612	7788	12653	9926	7685	7604	12759	10678	10068	15002	13073	7708	4796	7292	8041	12009	10820	7696	10399	27553	4674	11125	9748	7640	28849	9722
18127	15204	14863	12650	30867	15341	17340	18865	5658	4848	6648	13840	15204	22066	18912	10118	0	9919	7048	18902	14907	15221	10438	24728	14554	8292	25610	13305	17294	2284	21780	7164	16303	16217	5194	6406	28805	23645	10790	18290	18212	16994	24388	11825	21964	15924	20433	19172	25376	24065	21571	11012	10989	24518	14600	7654	14194	15827	5844	22480	18993	7797	12441	28105	5694	24725	26403	4652	11303	12780	15876	8329	1508	11258	16347	13435	7058	17420	13487	21488	12894	20399	17298	11837	15700	15733	11339	18594	18361
32488	15733	17604	4016	11018	9473	15756	11926	8938	9460	10899	5206	8516	8174	16835	12119	10290	0	11299	10398	6273	6587	3276	15918	7049	4475	15997	10414	9007	10023	18878	9659	24802	24715	7360	12172	13245	16378	14582	5749	9763	12405	16626	9502	17433	7092	30716	18254	15013	16303	8892	1815	2643	16334	6313	6778	6635	7540	5560	18866	12054	6180	16692	12694	7903	16762	14140	13045	5956	5425	18918	3157	8899	1786	14762	10909	11986	15095	4853	17874	17596	17453	9011	10127	7066	16802	6334	6442	10652
25545	22622	22281	18365	34356	15985	19125	20650	10601	9791	610	20069	16496	22703	26330	17537	8382	11211	0	17371	20802	21574	11730	32147	15846	9584	33029	13749	16429	9702	29198	10923	23721	23635	7962	13825	33621	31064	18209	17425	16736	15740	31807	12837	29382	15059	27851	26590	32795	31484	16387	12304	12281	31937	13735	6789	13329	14962	6526	29898	20778	6854	6946	20904	9016	32144	20350	12070	12595	11915	23294	8670	7849	12550	18131	14278	14477	24838	19382	28906	20312	27817	16433	13496	21595	23151	12631	17729	17625
12606	7686	9557	7848	4410	3751	3052	1691	13555	14496	16923	5966	5233	4892	7870	11637	18373	12631	17323	0	7684	7998	7665	4567	6222	13864	6109	7032	16755	14008	7312	14276	13541	11884	10957	10792	5125	6778	10165	11581	707	2194	6391	6896	6082	20249	7603	9289	5568	6637	2091	12298	9647	7001	14061	26259	14383	15288	12883	6091	1819	15543	22716	3469	13291	5411	2789	11665	5589	22931	10872	15571	16981	11996	2540	5306	10606	7049	8863	5479	9550	7285	16759	7941	8172	8129	7227	11939	1099
20502	11261	13132	2954	6119	6244	9467	7027	11832	12773	21091	3519	3617	3275	12228	12424	22230	6625	21491	8229	0	314	6112	11019	3099	9677	11098	9588	12728	23551	13764	12553	21437	15459	10121	12843	8346	11479	12745	3897	6535	6584	11727	8676	12534	9422	18731	13726	10114	11404	5663	6293	6675	11435	10034	15432	10356	11261	10762	12543	7155	11382	26884	7795	11042	11863	9241	13716	5521	12104	14447	8359	21697	6220	7829	8432	12657	10624	2388	11931	13125	12846	12732	9865	2166	12330	6253	4255	7424
20314	11073	12944	3106	5931	6056	9279	6839	11644	12585	20773	3832	3429	3087	12040	12236	21912	6437	21173	8041	470	0	5924	10831	2911	9489	10910	9400	12410	23233	13576	12365	21249	15271	9933	12655	8158	11291	12557	3579	6347	6396	11539	8488	12346	9104	18543	13538	9926	11216	5475	6105	6487	11247	9716	15114	10038	10943	10574	12355	6967	11194	26566	7607	10854	11675	9053	13528	5333	11786	14259	8171	21379	6372	7641	8244	12469	10436	2670	11743	12937	12658	12414	9677	1978	12142	6566	3937	7236
19949	10988	12859	2473	9476	6407	9539	10384	6258	7199	10884	2916	4976	5318	11955	9551	10275	3044	11284	7332	4731	5045	0	11054	4326	3814	14455	7638	11380	10008	13363	7406	18125	15186	4578	9604	10366	13265	10988	6494	6697	6747	13099	6726	12569	9465	14090	13076	12055	13124	5826	2711	2221	14792	8686	8399	9008	9913	7181	12578	10512	7801	16677	11152	5499	11898	9276	10477	2609	7469	14174	4778	8884	4384	7991	6675	9418	10351	3311	11966	12852	12297	11384	7559	5524	11680	2987	6853	7586
8677	7454	6784	11619	7389	7522	4484	4670	14986	15927	31358	9737	8212	7871	4939	13068	29598	15610	31758	4667	10663	10977	11436	0	9201	15295	3221	11869	29242	25933	2922	15707	9612	13096	15445	14413	8104	2849	16703	23123	4508	5965	3097	11641	1692	25937	3213	5486	1857	2708	5862	15277	13418	3789	26548	31946	26870	27775	17371	1628	4798	20031	37151	4074	14722	1482	2373	22140	9360	28618	12755	17002	18412	15767	4593	8958	14227	5327	11842	1016	15089	3248	29246	9372	11151	6224	10998	21696	4126
18841	10011	11882	3916	4458	3741	6873	5366	10320	11261	14997	2227	1142	1484	10978	10912	15138	7430	15397	4666	2586	2900	4352	8388	0	7927	9437	8076	12823	14871	10697	11041	19776	14209	8690	11331	6685	9818	11233	6483	4031	4081	10066	7164	9903	10908	11424	12476	8453	10458	3160	7098	6334	9774	10129	15812	10451	11356	11567	9912	5494	12187	20790	6134	9611	9232	6610	12204	4009	10997	13197	9164	13746	8065	5325	6920	11145	9374	3649	9300	11875	10301	12827	8353	1883	11080	4825	6841	4920
19068	11258	13129	6468	11220	8175	11281	12806	4463	5404	8851	6369	8429	8771	12360	7644	8242	4889	9251	9561	8725	9039	3663	13626	7779	0	16112	5939	13941	7975	14403	5184	17244	15456	2885	7697	12758	16599	10107	10192	8926	7930	16394	5027	15903	12571	15754	13779	15389	16458	8577	4449	4213	17004	11247	6844	10841	12474	4811	14391	12934	6246	14644	15191	3428	15232	12506	8570	4785	5914	14443	3223	6851	6228	10287	6434	7511	10620	7305	13399	13121	12978	13945	5652	9518	12327	4821	10885	9815
9775	11135	9422	25572	8145	9906	6732	5635	17235	18176	33263	12120	9025	8684	7577	21642	34402	26610	33663	6837	11476	11790	13820	3308	10014	17544	0	14118	24899	35722	4318	17956	10710	14194	17694	23011	6083	1749	17801	18780	6755	8212	1997	13890	3088	21594	4496	8124	2233	1674	8394	16090	16472	893	22205	27603	22527	23432	32937	4667	5763	29159	39056	3366	16971	3450	4620	23238	12631	24275	13853	27735	33869	25451	7608	11207	23663	8345	12655	4014	16187	5886	24903	11621	11964	8862	14269	17353	6373
14467	6656	8527	7674	10923	5953	6679	8204	7489	8430	13914	6738	8136	8478	7758	5571	12307	11171	14314	6128	8575	8889	7320	9025	7967	7798	11511	0	16581	10132	9802	8210	12643	10854	7948	6916	9699	11997	5506	11129	5493	4497	11793	2156	11301	14666	11153	9177	10787	11856	5144	9538	9302	12403	13887	12988	14209	15114	9874	9790	8332	12534	19707	10590	7225	10630	7904	7789	5415	12196	9841	9505	10915	11822	5686	1832	6730	6018	7947	8798	8519	8376	16585	1050	7900	7878	7053	11488	6382
30338	20296	31236	8948	25340	15752	19478	17038	19658	18848	16197	10652	13628	13286	33825	26491	17336	9986	16597	16678	11385	11699	11663	29304	12495	13070	25576	17139	0	18657	29913	21164	31273	32590	17307	22779	24605	28379	27163	8008	16043	16084	29123	16227	28308	3639	28566	33597	26464	28943	15172	10765	11120	24715	3553	10537	3062	2290	15871	29887	17166	12093	21990	17806	18361	29301	30979	21025	13009	7210	32249	10669	16803	8827	17337	15983	23431	19659	9965	30010	29267	32133	782	18722	12178	32106	13387	9467	16932
16611	13688	13347	12485	29351	12807	15824	17349	5556	4746	8165	13716	15114	20550	17396	8602	2089	9754	8565	17386	14742	15056	10273	23212	14945	8127	24094	9457	18811	0	20264	7062	14787	14701	5092	4890	27289	22129	9274	19807	16696	15478	22872	9291	20448	17441	18917	17656	23860	22549	20055	10847	10824	23002	16117	9171	15711	17344	5679	20964	17477	8339	13958	26589	5592	23209	24887	3026	11017	10855	14360	8164	2723	11093	14831	11919	5542	15904	13322	19972	11378	18883	18815	9303	15535	14217	11207	20111	16845
5483	5670	5105	14988	13396	9510	7097	7283	15002	15943	28163	11724	10825	10484	3260	17349	26403	18684	28563	7280	13276	13590	13423	2900	10745	15311	4425	11885	30150	22739	0	15723	6418	9902	15461	18719	11334	3090	13509	24031	7121	8578	3338	11657	1221	26845	1351	3806	4260	2949	7849	17285	17049	4811	27456	29169	27778	28683	17387	2548	7411	29312	33956	6687	14738	3307	4986	18946	12729	29526	9561	17018	26262	30702	5375	8974	19371	4028	14455	2657	11895	1568	30154	9388	13764	4544	15324	22604	6739
23436	12730	14601	10240	13478	11057	12753	14278	2343	3223	10192	10141	10980	11322	13832	9116	7100	9250	10592	14314	12497	12811	7435	15099	11551	5289	17584	7278	21937	6833	15876	0	21612	21525	3359	9170	15016	18071	16099	14553	11258	10262	17866	7112	17375	20567	25741	15251	16861	17930	10909	8221	7985	18476	19243	9266	18837	20470	6152	15864	14406	8812	15985	16663	2408	16704	13978	9961	7043	10275	21184	7584	5708	10589	11760	7906	8984	12092	11077	14872	18202	14450	21941	7124	13290	13799	7079	15246	13773
2250	4819	3291	14909	15617	13760	9116	16558	15839	25714	25120	13973	18604	18263	3769	14305	23360	19521	25520	13448	21055	21369	14555	9478	14996	16148	10360	10853	32371	19695	6529	16560	0	3929	16298	15675	13555	8395	10465	26252	13289	11583	9138	12494	6713	29066	5182	4030	10126	8815	12100	18122	17886	9268	29677	26125	29999	30904	26270	7229	10769	26268	30913	12855	15575	9475	11153	15902	13095	31747	3594	17855	23219	32923	8123	9811	16327	4761	15182	6237	4436	4488	32375	10225	14692	3875	14288	24825	12907
2671	3775	2247	13865	16038	12716	8072	9597	14795	15736	22979	12929	13139	12798	2725	12165	21219	18477	23379	9634	14323	14637	13511	6521	13952	15104	10781	9809	32792	17555	4917	15516	2167	0	15254	13535	13976	8816	8325	26673	8944	10539	9559	11450	7134	29487	5603	2986	10547	9236	11056	17078	16842	9689	30098	23985	30420	31325	24130	6577	9725	24128	28772	13276	14531	9896	11574	13762	12051	32168	3225	16811	21078	33344	7079	8767	14187	3717	14138	5585	4286	3444	32796	9181	13648	2831	13244	25246	9093
21485	12427	14298	7386	12355	9310	12450	13975	2626	3433	7033	7287	9347	9689	13529	8813	5149	6073	7433	10696	9643	9957	4581	14795	8697	2435	17281	7074	18016	4882	15572	3347	19661	19574	0	8866	13893	17768	14148	11376	10061	9065	17563	6162	17072	16646	23790	14948	16558	17627	9712	5367	5131	27876	15322	6106	14916	16549	2993	15560	14103	4998	12826	14229	1440	16401	13675	8010	5920	7098	19233	4407	3757	7412	11456	7603	8680	11789	8223	14568	16251	14147	18020	6821	10436	13496	5956	12069	10950
14428	11698	11164	11441	15965	9596	11721	13246	7891	8832	12419	10505	11903	12245	15213	6419	5906	11573	12819	13282	12342	12656	9387	21029	11734	8200	21911	6246	23065	4520	18081	8612	12604	12518	8350	0	25107	19946	7091	24061	10323	9327	20689	6080	18265	21695	16734	15473	21677	20366	9974	10174	9938	20819	20371	13425	19965	21598	13570	18781	13374	13568	18212	15631	7626	21026	12946	1641	7806	18551	12177	9907	10518	12912	10727	6874	1105	11060	11714	17789	9195	16700	23069	6092	11667	12034	7996	24365	12741
12697	11668	13539	9926	2597	6519	6012	3572	14134	15075	33459	8734	5618	5277	10830	14597	34598	13016	33859	4774	8069	8383	10434	7564	6607	13796	7644	10576	25095	35919	12273	14855	13632	17117	13916	15942	0	8024	20724	18976	5688	5738	8272	10440	10668	21790	10926	15957	6659	11303	4817	12683	13065	7074	22401	27799	22723	23628	15842	9088	3700	29355	39252	4341	13869	8408	5786	26161	9245	24471	16776	14750	17560	14356	6982	8850	15756	9258	9248	8476	19109	14493	25099	10901	8557	11089	10883	17549	4905
7720	8734	12914	12825	9791	9398	6619	4975	17121	18062	30401	11612	8516	8175	6324	19587	28641	15915	30801	6134	10968	11282	13312	2832	9505	17430	1898	14004	26545	24976	3065	17842	8655	12139	17580	20956	7729	0	15746	20426	6642	8099	744	13776	1835	23240	2734	6871	1732	421	7886	15582	15964	1597	23851	29249	24173	25078	31551	3414	4726	30805	36194	4372	16857	2196	4507	21183	12123	25921	11798	29381	28500	27097	7494	11093	21608	7092	12147	3538	14132	4633	26549	11507	11456	7609	13761	18999	6260
9953	8239	6689	11087	12505	9366	8261	9786	10423	11364	17627	10151	13328	12987	9341	6147	15867	14105	18027	9823	11988	12302	10733	10607	11380	10732	13093	6063	28272	12202	13606	11144	8129	8043	10882	8182	13220	15471	0	14542	9133	7910	16214	6015	13790	26902	12259	10760	12370	15891	9742	12706	12470	16344	25578	18632	25172	26805	12808	11372	9914	18775	23420	12172	10159	12213	9486	8409	8828	15130	7702	12439	15726	15444	7268	4351	8834	7601	11360	10380	4720	12225	28276	4809	11313	7559	10745	14901	9282
25252	14357	16228	3888	9215	9340	12563	10123	13921	20734	18083	5153	6713	6371	15324	28377	19222	6406	18483	11325	3754	3280	6803	24219	6195	9458	20490	11639	8009	20543	24828	14642	26187	29672	12343	24665	19520	23294	29049	0	9631	9680	24038	10727	23223	4536	23481	28512	13210	23858	8759	7185	7540	19629	5315	12424	5637	6542	17757	24802	10251	13980	23876	10891	12886	24216	12337	22911	7509	9096	29331	8140	18689	5247	10925	10483	25317	13720	4056	24925	31153	27048	8013	11916	5262	15426	7887	1247	10520
12396	7522	9393	7684	4872	3587	2842	2153	13345	14286	19770	5802	5695	5354	7660	11427	18163	11198	20170	1430	8146	8460	7501	4357	4823	13654	6120	6868	16591	15988	7102	14066	13331	11720	13804	12772	5587	6568	9955	12043	0	2030	6402	6732	5872	20711	7393	9079	5358	6427	1927	9719	9483	7012	13897	18844	14219	15124	15730	5881	2282	18390	25563	3931	13081	5201	2579	13645	5425	18052	10708	15361	16771	11832	1833	5142	12586	6088	9325	5269	9386	6809	16595	7731	8634	7919	7063	12401	889
15479	7254	9125	5654	5678	1457	5976	6783	8285	9226	14032	4718	3806	4148	8221	8118	13103	9168	14432	3769	5139	5453	5300	7491	3637	7946	9254	5282	14561	11753	10313	9006	13655	11452	8066	8537	7216	9702	8439	9036	3134	0	9536	4370	9006	12646	10527	9719	8492	9561	2263	7518	7282	10146	11867	13106	12189	13094	9992	9015	5416	12652	19825	7552	8020	8335	5713	9410	3395	12344	10440	9653	11711	9802	4428	4126	8351	6617	5927	8403	9118	8839	14565	5559	4464	8323	5033	9394	4023
7616	7990	7425	13009	11426	8912	5875	6061	16377	17318	30297	11127	9603	9262	5580	19483	28537	17001	30697	6057	12054	12368	12826	2088	10592	16686	2571	13260	28180	24872	2321	17098	8551	12035	16836	20852	9364	1236	15642	22061	5898	7355	0	13032	1091	24875	2612	6127	2406	1095	7252	16668	14808	2957	25486	30884	25808	26713	18762	2670	6189	31446	36090	5465	16113	1452	3763	21079	10750	27556	11694	18393	28396	28732	6750	10349	21504	6348	13233	2794	14028	3889	28184	10763	12542	6865	12388	20634	5516
15429	7619	9490	8615	11885	6327	7641	9166	6527	7468	12468	7679	9077	12367	8721	4337	11345	9755	12868	6502	8438	8752	7160	9987	7451	6382	12473	941	17522	9169	10764	7248	13605	11817	6502	5953	12600	12959	6468	12070	5867	4871	12755	0	12263	15607	12115	10140	11749	12818	5518	7947	7711	13365	14828	11542	15150	16055	8428	10752	9294	11088	18261	11552	6263	11592	8866	6826	4242	10780	10804	8089	9953	11094	6648	2795	5767	6981	8888	9760	9482	9339	17526	2013	7763	8688	4278	12429	6756
5652	6899	6334	13011	11508	8914	5876	6062	16378	17319	28332	11129	9604	9263	4489	17518	26572	17002	28732	6059	12055	12369	12828	1679	10593	16687	3204	13261	28262	22908	1230	17099	6587	10071	16837	18888	9446	1869	13678	22143	5900	7357	2117	13033	0	24957	1521	5036	3039	1728	7254	16669	14810	3590	25568	29338	25890	26795	29483	1579	6190	29481	34125	5466	16114	2086	3765	19115	10752	27638	9730	18394	26431	28814	6751	10350	19540	5257	13234	1499	12064	2798	28266	10764	12543	5774	12390	20716	5518
27511	18233	30032	6885	22514	13689	17415	14975	18454	17644	14993	8589	11565	11223	30999	25287	16132	7923	15393	14615	9322	7812	9600	26478	10432	11866	22749	15076	3773	17453	27087	19960	28446	31386	16103	21575	21779	25553	25959	4532	13980	14021	26297	14164	25482	0	25740	30771	23637	26117	13109	8702	9057	21888	1484	9334	1806	2302	14667	27061	15103	10890	20786	15743	17157	26475	28153	19821	10946	6006	31045	9465	15599	6764	15274	13920	22227	17596	7902	27184	28063	29307	5356	17518	10115	30902	11324	5887	14869
4132	7016	9326	29472	12045	10460	7422	7608	16349	27406	26812	12675	11150	10809	4606	15998	25052	30510	27212	7605	13601	13915	14374	3636	12139	16658	4750	13232	28799	21388	1347	17070	5067	8551	16808	17368	9983	2710	12158	22680	7446	8903	3454	13004	1531	25494	0	5153	4795	3274	8800	31289	31644	3609	26105	27818	26427	27332	27963	2858	7736	27961	32605	7012	16085	3632	5311	17595	12298	28175	8210	31635	24911	29351	6722	10321	18020	5374	14780	2778	10544	2915	28803	10735	14089	5891	13936	21253	7064
5030	3923	3485	14078	16158	10552	7289	8935	14784	15725	27710	13142	12477	12136	2938	16896	25950	18466	28110	8971	14928	15242	13724	4635	11787	15093	8167	10022	32912	22286	3031	15505	5965	5311	15243	18266	14096	6121	13056	26793	8282	9334	6369	11439	4252	29607	4382	0	6803	5980	8891	17067	16831	9809	30218	28716	30540	31445	17169	4691	9063	28859	33503	8129	14520	5847	6428	18493	11782	32288	5631	16800	25809	19805	6417	8756	18918	3706	14351	3699	5787	1464	32916	9170	15416	2979	13457	25366	8692
10394	8901	8621	11092	5961	7665	4498	3242	15001	15942	21426	9879	6783	6442	7738	13083	19819	14182	21826	4401	9235	9549	11579	2488	7772	15310	2524	11884	27423	17644	5100	15722	11329	14813	15460	14428	6675	2359	11611	13132	4522	5979	2607	11656	3870	24118	5391	8285	0	2284	6153	13849	14231	3416	24729	30127	25051	25956	17386	4694	2994	20046	27219	2640	14737	3199	2387	15301	10390	26799	14472	17017	18427	15522	5374	8973	14242	6284	10414	3194	10764	6047	27427	9387	9723	8114	12028	19877	4140
10711	10213	8861	12404	7273	8977	5810	4554	16313	17254	33392	11191	8095	7754	7016	14395	31632	15494	33792	5713	10547	10861	12891	2387	9084	16622	1959	13196	26840	27967	5417	17034	11646	15130	16772	15740	7987	1847	18737	14444	5833	7290	2095	12968	4187	23535	5708	7563	1311	0	7465	15161	15543	2820	24146	29544	24468	25373	18698	3705	4305	31100	39185	3951	16049	3516	3698	16613	11702	26216	14789	18329	19739	16834	6686	10285	15554	7595	11726	3093	12076	5325	26844	10699	11035	8301	13340	19294	5451
13770	7354	9225	5564	5019	1661	4216	3527	9275	10216	15023	3875	3065	3407	8321	10027	14093	8618	15423	2009	4874	5188	5574	5731	2896	8937	7494	7191	14471	13826	8040	9996	13755	11552	9057	10446	5000	7942	10348	8771	1374	1424	7776	6279	7246	12556	8767	9819	6732	7801	0	7792	7556	8386	11777	14097	12099	13004	10983	7255	3656	13643	20816	5335	9010	6575	3953	11319	4386	13335	10540	10644	12701	9713	2668	6035	10260	6717	5653	6643	9218	7644	14475	7468	4199	8423	6024	9129	2263
26643	15750	17621	4782	11784	8620	15773	12692	8955	9477	10916	5972	7189	8940	16852	12136	10307	1815	11316	9545	7039	7353	2423	13267	6539	4492	16763	10431	10678	10040	18895	9676	24819	24732	7377	12189	12579	17144	14599	7420	8910	12422	17392	9519	14782	8763	20246	18271	14268	15337	8039	0	1178	17100	7984	6795	8306	9211	5577	18883	12820	6197	16709	13460	7920	14111	11489	13062	4822	5865	18935	3174	8916	3457	14779	10926	12003	15112	5619	17891	17613	17470	10682	10144	7832	16819	5200	8113	9799
27163	13728	15599	4992	11994	8384	13751	12902	6821	7762	11436	4893	6953	7295	14830	10114	10827	2433	11836	9309	7249	7563	2187	13031	6303	5012	14794	8201	10994	10560	16874	7969	25339	17926	5141	10167	12343	15242	12577	7736	8674	8724	15076	7289	14546	9079	18225	16249	14032	15101	7803	1178	0	17310	8300	7315	8622	9527	6097	16862	13030	6717	17229	13670	6062	13875	11253	11040	4586	6385	16913	3694	9436	3773	9968	8904	9981	13090	5829	15870	15591	15448	10998	8122	8042	14797	4964	8429	9563
8588	11514	13782	25205	7778	11666	7111	6208	17614	18555	32896	13881	10765	10424	8031	20455	34035	26243	33296	7014	13216	13530	15581	4538	11754	29769	1703	14497	24532	25844	4772	18335	9523	13007	18073	21824	5716	1613	16614	18413	8349	9806	2273	14269	3542	21227	3602	8578	2612	1950	9963	27022	27377	0	21838	27236	22160	23065	32570	5121	5606	28792	38689	3939	17350	3726	6214	22051	14392	23908	12666	27368	29368	25084	7987	11586	22476	8799	14395	5244	15000	6340	24536	12000	13704	9316	16030	16986	7967
27687	17646	29524	6298	22689	13102	16828	14388	17946	17136	14486	8002	10978	10636	31174	24779	15625	7336	14886	14028	8735	9049	9013	26653	9845	11358	22925	14489	2706	16945	27262	19452	28622	30878	15595	21067	21954	25728	25452	5358	13393	13434	26472	13577	25657	1473	25915	30946	23813	26292	12522	8115	8470	22064	0	8826	1038	1235	14159	27236	14516	10382	20279	15156	16649	26650	28328	19313	10359	5498	30537	8957	15091	6177	14687	13333	21719	17009	7315	27359	27555	29482	2710	17010	9528	30394	10737	6062	14282
26379	23456	23115	8810	28748	14357	17497	16720	11537	10727	6030	10000	13310	12968	27164	18370	9215	6079	6430	15743	11067	11381	8070	32980	11843	6012	33862	12121	10821	10536	30032	9295	24555	24469	5596	14658	28013	31897	19042	11818	15108	14112	32640	11209	30216	9451	28685	27424	33628	32317	14759	7172	7526	32770	8127	0	7721	9354	4898	30732	16848	1242	11823	17488	7388	32977	18722	12904	10967	4646	24128	3620	8682	7418	16503	12650	15310	25672	9647	29740	21146	28651	10825	11868	11860	23985	11003	12121	15997
28020	17979	29061	6631	23022	13435	17161	14721	17483	16673	14022	8335	11311	10969	31507	24316	15161	7669	14422	14361	9068	9382	9346	26986	10178	10895	23258	14822	2749	16482	27595	18989	28955	30415	15132	20604	22287	26061	24988	5691	13726	13767	26805	13910	25990	1806	26248	31279	24146	26625	12855	8448	8803	22397	1028	8362	0	1034	13696	27569	14849	9918	19815	15489	16186	26983	28661	18850	10692	5035	30074	8494	14628	6510	15020	13666	21256	17342	7648	27692	27092	29815	2753	16547	9861	29931	11070	6395	14615
28789	18748	29830	7400	23791	14204	17930	15490	18252	17442	14791	9104	12080	11738	32276	25085	15930	8438	15191	15130	9837	10151	10115	27755	10947	11664	24027	15591	4720	17251	28364	19758	29724	31184	15901	21373	23056	26830	25757	6460	14495	14536	27574	14679	26759	2575	27017	32048	24915	27394	13624	9217	9572	23166	1797	9131	769	0	14465	28338	15618	10687	20584	16258	16955	27752	29430	19619	11461	5804	30843	9263	15397	7279	15789	14435	22025	18111	8417	28461	27861	30584	4730	17316	10630	30700	11839	7164	15384
24499	14201	21235	7890	14892	11084	14224	15749	5700	4890	5858	9080	12390	12048	15303	10587	7335	5159	6258	12470	10147	10461	6828	16569	10923	5092	19055	8848	16841	5453	28152	6021	22675	22589	3060	12778	15667	30017	17162	10462	11835	10839	30760	7936	28336	15471	26805	16722	18332	30437	11486	6252	6606	30890	14147	4931	13741	15374	0	17334	15877	4345	11651	16568	4114	18175	15449	11024	7694	6260	22248	3569	4329	6498	13230	9377	13430	13563	8727	16342	19266	15921	16845	8595	10940	15270	7730	18141	12724
5959	7206	6641	13514	12011	9417	4760	6565	15335	16276	28639	11632	10107	9766	4796	17825	26879	19017	29039	6562	12558	12872	13331	1931	11096	15644	3707	12218	28765	23215	1537	16056	6894	10378	15794	19195	9949	2372	13985	22646	6403	7860	2620	11990	503	25460	1828	5343	3542	2231	7757	17172	15313	4093	26071	29645	26393	27298	17720	0	6693	29788	34432	5969	15071	2589	4268	19422	11255	28141	10037	17351	26738	29317	5708	9307	19847	5564	13737	1329	12371	3105	28769	9721	13046	6081	12893	21219	6021
12649	7460	9331	8510	3380	5084	3058	618	13560	14501	19985	7298	4202	3861	7875	11642	18378	11600	20385	1819	6653	6967	8998	4610	5191	13869	4674	10443	22525	16203	7355	14281	13584	11658	14019	12987	4094	4708	10170	10550	2367	3824	4956	10215	6125	19219	7646	9294	3343	4633	3572	11267	11649	5566	19831	25229	20153	21058	15945	6134	0	16357	25778	1649	13296	5454	2832	13860	7809	21901	10645	13334	16986	12940	3933	7532	12801	6303	7832	5522	9323	7615	22529	7946	7141	8134	9447	10908	1951
24880	21957	21616	8212	15214	13875	16695	16122	8491	7681	6160	9402	12712	12370	25665	16871	7717	5481	6560	15261	10469	10783	7472	31481	11245	5414	32363	11639	14723	9037	28533	8813	23056	22970	4998	13159	17441	30398	17544	10784	14626	13630	31141	10727	28717	13353	27186	25925	32129	30818	14277	6574	6928	31271	12029	1242	11623	13256	4416	29233	16250	0	11953	16890	6906	31478	17920	11405	10485	5893	22629	3022	7183	6820	15701	11848	13811	16034	9049	28241	19647	27152	14727	11066	11262	22486	10521	16023	15515
30257	27334	26993	23077	39068	20697	23837	25362	15313	14503	7761	24781	21208	27415	31042	22249	13094	15923	7152	22083	25514	26286	16442	36859	20558	14296	37741	18461	21141	14414	33910	15635	28433	28347	12674	18537	38333	35776	22921	22137	21448	20452	36519	17549	34094	19771	32563	31302	37507	36196	21099	17016	16993	36649	18447	11501	18041	19674	11238	34610	25490	11566	0	25616	13728	36856	25062	16782	17307	16627	28006	13382	12561	17262	22843	18990	19189	29550	24094	33618	25024	32529	21145	18208	26307	27863	17343	22441	22337
12002	9368	11239	10223	5092	6796	4965	2525	15467	16408	21892	9010	5915	5574	8531	13549	20285	13313	22292	3727	8366	8680	10710	3963	6904	15776	3559	12350	26909	18110	6708	16188	12937	16421	15926	14894	5807	4353	12077	12263	4274	5731	4601	12122	5478	23604	6999	9078	2988	4278	5284	12980	13362	3896	24215	29613	24537	25442	17852	5487	1649	18070	27685	0	15203	4807	3181	15767	9521	26285	12553	15047	18893	14653	5840	9439	14708	8211	9545	4875	11231	6840	26913	9853	8854	10042	11159	19363	3858
22339	11490	13361	8404	12238	9817	11513	13038	1185	2126	8356	8305	9740	10082	12592	7876	6003	8011	8756	13074	10661	10975	5599	13859	9571	3453	16344	6038	17063	5736	14636	1906	20515	20428	1523	7930	13776	16831	10340	13314	10018	9022	16626	5872	16135	15693	24644	14011	15621	16690	9669	6385	6149	17236	14369	7430	13963	15596	4316	14624	13166	6976	14149	15423	0	15464	12738	8864	5803	9036	20087	6345	4611	9350	10520	6666	7744	10852	9241	13632	17105	13210	17067	5884	11454	12559	5839	14007	12533
7870	8245	7680	13264	11681	9167	6129	6315	16631	17572	30551	11382	9857	9516	5835	19737	28791	17255	30951	6312	12308	12622	13081	2342	10846	16940	3104	13514	28435	25126	2576	17352	8805	12289	17090	21106	9619	1769	15896	22316	6153	7610	2017	13286	1346	25130	2867	6382	2939	1628	7507	16922	15063	3490	25741	31139	26063	26968	31701	2925	6443	31700	36344	5579	16367	0	4018	21333	11005	27811	11948	18647	28650	28987	7004	10603	21758	6603	13487	2845	14282	4144	28439	11017	12796	7120	12643	20889	5771
10901	6513	8384	9246	5016	5149	2111	2297	12613	13554	19038	7364	5839	5498	6928	10695	17431	13237	19438	2294	8290	8604	9063	2862	6828	12922	4633	9496	24161	15256	5607	13334	11836	10711	13072	12040	5731	5073	9223	12187	2135	3592	4915	9268	4377	20855	5898	8347	3863	4932	3489	12904	11045	5525	21467	18112	21789	22694	14998	4386	2425	17658	24831	3712	12349	3706	0	12913	6987	17320	9698	14629	16039	13394	2986	6585	11854	5356	9469	3774	8376	6668	24165	6999	8778	7187	8625	12545	1753
14691	11768	11427	12296	16820	10451	12576	14101	8746	7644	11700	11360	12758	13100	15476	6682	4381	12428	12100	14137	13197	13511	10242	21292	12589	9055	22174	7101	22345	2995	18344	9467	12867	12781	9205	1671	25370	20209	7354	23341	11178	10182	20952	6935	18528	20975	16997	15736	21940	20629	10829	11029	10793	21082	19651	12705	19245	20878	12850	19044	14229	12848	17493	16486	8481	21289	13801	0	8661	17831	12440	10762	5621	13767	11582	7729	2381	11915	12569	18052	9458	16963	22349	6947	12522	12297	8851	23645	13596
17888	8677	10548	3791	7748	4649	7966	8853	6190	7131	11937	2856	4061	4403	9644	7535	11008	5316	12337	5759	5012	5326	2272	9481	3892	5851	11244	4699	12698	10741	12321	6911	16064	12875	5971	8200	9286	11692	8927	7247	5124	4465	11526	3787	10996	10783	12517	11142	10482	11551	4765	4490	4254	12136	10004	11011	10326	11231	7897	11005	7406	10073	17730	9622	5925	10325	7703	9073	0	9741	11863	7050	9616	6656	6226	4614	8014	8040	4065	11317	10541	10262	12702	5859	4337	9746	1862	7606	6013
28629	16547	25365	8087	15089	13464	16570	15997	9752	12977	10326	9277	12587	12245	17649	12933	11465	5356	10726	14850	10344	10658	7347	18915	11120	5289	28256	11228	10094	12786	32282	10473	26805	26719	8174	16908	27286	31060	21292	6908	14215	13219	31804	10316	30989	8724	30935	19068	20678	31624	13866	6449	6803	27395	7400	4608	6994	8627	6453	19680	16125	5910	16119	16765	8717	20521	17795	15154	10074	0	26378	2888	10932	4982	15576	11723	17560	15909	8924	18688	23396	18267	10098	10941	11137	17616	10110	11394	15104
5105	4285	3491	14349	17846	12312	9176	10700	14836	21428	20834	13413	13717	13901	5035	10020	19074	18518	21234	10737	13919	14233	13995	11707	13548	15145	12589	9991	31480	15409	8758	15557	3074	2310	15295	11389	15784	10624	6179	28481	11131	10135	11367	11491	8942	31295	7411	5296	12355	11044	10652	17119	16883	11497	28786	21840	28380	30013	21984	9458	10828	21983	26627	15084	14572	11704	13382	11616	11647	26966	0	16852	18933	19857	8182	8808	12041	5547	14622	8466	1975	7377	31484	9222	13244	4361	13728	27054	10196
29433	13895	15766	5434	12436	10812	13918	13344	7100	7406	7976	6624	9934	9592	14997	10281	12269	2703	8376	12198	7691	8005	4694	16263	8467	2637	18749	8576	10898	7969	17040	7821	27609	27523	4126	10334	14663	19236	22096	8006	11563	10567	19031	7664	18540	9528	31739	16416	18026	19095	11214	3796	4150	28199	8204	3620	7798	9431	3507	17028	13472	3022	13769	14112	6065	17869	15143	15958	7422	2871	27182	0	6845	4042	12924	9071	10148	13257	6271	16036	24200	15615	10902	8289	8484	14964	7458	12198	12452
19225	16301	15960	11220	31965	13263	18438	19963	4291	3481	6523	12410	13774	15378	20010	11216	1497	8489	6923	14649	13477	13791	9008	25826	13124	6862	26708	11027	17169	2622	22877	5797	17401	17314	3827	7504	29903	24743	11888	18165	14014	13018	25486	10115	23061	15799	21530	20270	26474	25163	13665	9582	9559	25616	14475	7529	14069	15702	4414	23577	20091	7672	12316	29203	4327	25823	27501	5750	9873	12655	16973	6899	0	9828	17445	11556	8156	18517	12057	22585	13991	21496	17173	10774	14270	16830	9909	18469	14903
26362	15469	17340	3577	10579	9033	15492	11487	8674	9196	10635	4767	8077	7735	16571	11855	10026	1159	11035	9958	5834	6148	2836	15479	6610	4211	15558	10150	8629	9759	18614	9395	24538	24451	7096	11908	12806	15939	14318	5371	9323	10199	16187	9238	16994	6714	30338	17990	14574	15864	8452	1938	2293	15895	5935	6514	6257	7162	5296	18602	11615	5916	16428	12255	7639	16323	13701	12781	5517	5584	18654	2893	8635	0	14498	10645	11722	14831	4414	17610	17332	17189	8633	9863	6627	16538	5895	6064	10212
8133	4702	6573	9079	6493	4135	2249	3539	10802	11743	17227	6349	5539	6975	5117	8884	15620	14484	17627	2816	7348	7662	8048	4595	5370	11111	7081	7685	17986	13445	5372	11523	9068	8900	11261	10229	7029	7568	7412	11245	1865	2917	7363	7457	6872	16071	6723	6536	6358	7427	2474	10266	10030	7973	15292	16301	15614	16519	13187	5360	3902	15847	23020	6160	10538	6201	3579	11102	6377	15509	7887	12818	14228	13227	0	4774	10043	3545	8127	4368	6565	4976	17990	5188	6673	5376	8458	11603	2275
13620	5810	7681	7027	10076	5306	5833	7357	7048	7989	13473	6091	7489	7831	6912	5130	11866	10730	13873	5481	7928	8242	6673	8178	7320	7357	10664	1982	15934	9691	8955	7769	11796	10008	7507	6475	9052	11151	4659	10482	4846	3850	10946	1934	10455	14019	10306	8331	9941	11010	4497	9331	9095	11556	13240	12547	13562	14467	9433	8943	7485	12093	19266	9743	6784	9784	7058	7348	4768	11755	8995	9064	10474	12069	4839	0	6289	5172	7300	7951	7673	7530	15938	1434	7253	6879	6406	10841	5735
15084	11529	11820	11272	15796	9427	11552	13077	7722	8663	13075	10336	11734	12076	12631	7075	6609	11404	13475	13113	12173	12487	9218	13897	11565	8031	22567	6077	23721	5223	18737	8443	13260	13174	8181	1105	16510	20602	7747	24717	10154	9158	21345	5911	18921	22351	17390	16129	15660	21022	9805	10005	9769	21475	21027	14081	20621	22254	10107	14662	13205	14224	18868	15462	7457	15503	12777	2344	7637	12429	12833	9738	11174	12743	10558	6705	0	10891	11545	13670	9851	17356	23725	5923	11498	12690	7827	25021	12572
7558	3199	3470	10543	8598	7496	4354	5879	11077	12018	17502	9607	9421	9080	2705	9159	15895	14759	17902	5916	11872	12186	10189	5057	8731	11386	8156	7960	19450	13720	4797	11798	6240	7397	11536	10504	9313	8002	7687	15769	5226	6329	8250	7732	6018	17535	6148	4124	6792	7861	5835	13360	13124	9048	16756	16576	17078	17983	13462	5821	6007	16122	23295	6684	10813	6635	4097	11377	7841	15784	6384	13093	14503	16098	3361	5049	10318	0	10816	4829	5062	3323	19454	5463	9438	2963	11399	16127	5375
27547	11940	13811	1484	6798	6924	10146	7706	9856	10797	20378	2026	4296	3954	12907	11348	21517	4680	20778	8908	2053	1706	4167	11698	3779	7732	11777	8512	9835	22838	14443	11004	28482	16138	8176	11767	9025	12158	11669	3183	7215	7264	12406	7600	13213	8709	25776	13757	10793	12083	6343	4347	4729	12114	7141	14719	7463	8368	8817	13222	7834	9437	26171	8474	9097	12542	9920	12640	4382	11391	15126	6414	12156	5077	8509	7356	11581	11303	0	12610	13804	12978	9839	8789	2846	12361	4760	3542	8104
5389	6333	5768	13993	8055	8515	3765	5336	14007	14948	28069	10729	8878	8537	3923	12089	26309	17689	28469	5333	11329	11643	12428	936	9867	14316	3887	10890	29908	22645	2628	14728	6324	7541	14466	13434	8770	3515	13415	23789	5174	6631	3763	10662	1495	26603	2820	4470	2523	3374	6854	16290	16054	4455	27214	29075	27536	28441	16392	992	5464	19052	33862	4740	13743	2148	3039	18852	11734	18714	9467	16023	17433	19028	4380	7979	13248	4691	12508	0	8197	2232	29912	8393	11817	5208	14329	22362	4792
8157	3252	2688	13092	12162	11055	7919	9443	13579	19734	19140	12156	12460	12644	5064	8326	17380	17261	19540	9480	12662	12976	12738	14759	12291	13888	15641	8734	29786	13715	11810	14300	6333	3283	14038	9695	18836	13676	4485	31533	9874	8878	14419	10234	11994	28416	10463	5543	15407	14096	9395	15862	15626	14549	27092	20146	26686	28319	20290	12510	9571	20289	24933	11829	13315	14756	9144	9922	10390	25272	2123	15595	17239	18600	6925	7551	10347	5244	13365	11518	0	6365	29790	7965	11987	3558	12471	30106	8939
4329	4196	3631	12926	10190	9088	5825	7471	14580	15521	27009	11302	11013	10672	1786	12662	25249	18262	27409	7507	13464	13778	12572	3171	10323	14889	6703	11463	32211	21585	1567	15301	5264	5403	15039	17565	13395	4657	12355	26092	6818	7870	4905	11235	2788	28906	2918	2238	5339	4516	7427	16863	16627	6378	29517	28015	29839	30744	16965	3227	7599	28158	32802	6665	14316	4383	4964	17792	10667	31587	5723	16596	25108	19601	4953	8552	18217	2554	13199	2235	6060	0	32215	8966	13952	3070	12305	24665	7228
31818	21776	33654	10428	26820	17232	20958	18518	22076	21266	18616	12132	15108	14766	35305	28909	19755	11466	19016	18158	12865	13179	13143	30784	13975	15488	27056	18619	829	21075	31393	23582	32753	35008	19725	25197	26085	29859	29582	9488	17523	17564	30603	17707	29788	5396	30046	35077	27944	30423	16652	12245	12600	26195	3557	12956	3066	2294	18289	31367	18646	14512	24409	19286	20779	30781	32459	23443	14489	9628	34667	13087	19221	10307	18817	17463	25849	21139	11445	31490	31685	33613	0	21140	13658	34524	14867	9125	18412
13416	5606	7477	7808	9872	6087	5629	7153	6439	7380	12864	6872	10695	10354	6708	4521	11257	10121	13264	7190	8709	9023	7454	7974	8101	6748	10460	3322	16715	9082	8751	7160	11592	9804	6898	5866	10587	10947	4455	11263	6500	4631	10742	3094	10251	14800	10102	8127	9737	10806	7109	8722	8486	11352	14021	11938	14343	15248	8824	8739	7281	11484	18657	9539	6175	9580	6854	6739	5549	11146	8791	8455	9865	11460	4635	782	5680	4968	8081	7747	7469	7326	16719	0	8034	6675	6761	11622	6649
16765	9094	10965	3261	5392	4078	7211	7604	9665	10606	14342	1572	2076	2418	10061	10257	14483	6775	14742	5004	1948	2262	3697	8726	933	7272	10489	7421	12168	14216	11035	10386	15495	13292	8035	10676	8037	10937	10578	5845	4369	4418	10771	6509	10241	10253	11762	11559	9727	10796	3497	6443	5679	12013	9474	15157	9796	10701	10912	10250	7733	11532	20135	8373	8956	9570	6948	11549	3354	10342	12280	8509	13091	7410	5663	6265	10490	8457	2994	9638	10958	10679	12172	7698	0	10163	4170	6203	5258
9170	944	2440	11505	10575	9468	6332	7856	11992	12933	21694	10569	10873	11057	3012	10074	19934	15674	22094	7893	11075	11389	11151	6918	10704	12301	11163	7146	32340	16269	5314	12713	7346	5142	12451	12249	11290	14688	7039	14972	8287	7291	15431	8647	6535	30970	11475	3273	10440	15108	7808	14275	14039	15561	29646	22700	29240	30873	14377	6974	7984	22843	27487	10242	11728	10283	7557	12476	8803	16699	4130	14008	19793	17013	5338	5964	12901	2720	11778	5982	2808	3841	32344	6378	10400	0	10884	31118	7352
19799	10838	12709	4245	9468	7047	9522	10573	6226	7167	11973	3310	5481	5823	11805	7571	11044	5701	12373	7315	5562	5876	2657	11037	4575	5887	12800	4735	13152	10777	13532	6947	17975	15036	6007	8236	11006	13248	10838	7701	6680	6626	13082	3823	12552	11237	14073	12226	12038	13107	6321	4875	4639	14982	10458	11047	10780	11685	7933	12561	10702	10593	17766	11342	5961	11881	9259	9109	1862	10285	14024	7594	9652	7041	8387	6525	8050	10201	4519	12528	12702	11447	13156	5895	4887	10830	0	8060	7569
24155	14735	29350	5023	19158	9718	12941	10501	20447	19637	16986	5531	7091	6749	27643	27280	18125	7152	17386	11703	4132	3658	7706	23122	6573	13859	19393	12017	8623	19446	23731	21953	25090	28575	18096	23568	18423	22197	27952	1628	10009	10058	22941	11105	22126	5317	22384	27415	20281	22761	9137	7931	8286	18532	5929	11327	6251	7156	16660	23705	10629	12883	22779	11269	19150	23119	24797	21814	7887	7999	28234	11458	17592	5992	11303	10861	24220	14098	4370	23828	30056	25951	8627	12294	5640	30220	8265	0	10898
11507	6356	8227	8425	4644	4328	1953	1925	12456	13397	18881	6543	5466	5125	6771	10538	17274	12864	19281	1473	7917	8231	8242	3468	6455	12765	5231	9339	23789	15099	6212	13177	12442	10554	12915	11883	5358	5678	9066	11814	1314	2771	5513	9111	4982	20483	6503	8190	4468	5537	2668	12531	10224	6123	21095	17955	21417	22322	14841	4992	2053	17501	24674	4377	12192	4311	1690	12756	6166	17163	9541	14472	15882	14204	2829	6428	11697	5199	9096	4380	8219	6186	23793	6842	8405	7030	7804	12172	0
