22813 12262 14133  1428  8430  7718 11778  9338  7943  8884 12243  2618  5928  5586 13229 11236 11634  2767 12643  8644  3685  3999  2254 13330  4461  5819 13409  9323 10335 11367 16075  9091 19399 16460  6263 11289 10657 13790 12262  5448  8009  8050 14038  8411 14845  8420 21042 14350 12425 13715  7138  2434  2816 13746  7641  8122  7963  8868  6904 14854  9466  7524 18036 10106  7184 14174 11552 12162  3368  7192 15448  4501 10243  4107  9303  7949 11103 11625  2265 14242 14126 13571 10339  9244  4478 12954  3746 13790  5807  8898
11478  3480  4810  9441  9758  8376  5515  7039  9175 10116 15600  8505 10581 10240  4632  7257 13993 12857 16000  7076  9983 10297  9087  7860  9734  9484 10346  5385 18348 11818  6393  9896  9654  7678  9634  8602 10473 10833  5785 12896  6386  6199 10628  5830  7614 16433  7744  5699  9623 10692  6716 11305 11069 11238 15654 14674 15976 16881 11560  8625  7167 14220 21393  9425  8911  9466  6740  9475  7182 13882  6666 11191 12601 13589  4521  3147  8416  3799  9714  7633  5344  4920 18352  3561  9308  4303  8820 10833 13255  6535
11603  3605  4935  9566  9883  8501  5640  7164  9300 10241 15725  8630 10706 10365  4757  7382 14118 12982 16125  7201 10108 10422  9212  7985  9859  9609 10471  5510 18473 11943  6518 10021  9779  7803  9759  8727 10598 10958  5910 13021  6511  6324 10753  5955  7739 16558  7869  5824  9748 10817  6841 11430 11194 11363 15779 14799 16101 17006 11685  8750  7292 14345 21518  9550  9036  9591  6865  9600  7307 14007  6791 11316 12726 13714  4646  3272  8541  3924  9839  7758  5469  5045 18477  3686  9433  4428  8945 10958 13380  6660
23317 11125 12996  1931  8934  6544  9676  9842  7632  8573 12258  1903  5113  6090 12092 10925 12591  3724 12658  7469  4189  4503  1613 11191  3746  6776 13913  7147 10838 12324 13500  8779 18262 15323  5951 10978 10503 13402 11125  5952  6834  6884 14542  6235 12706  8923 14227 13213 12192 13261  5963  3391  3773 14250  8144  9079  8466  9371  7861 12715  9970  8481 18051 10610  6872 12035  9413 11851  2448  8149 14311  5458 11200  5064  8128  6812 10792 10488  2769 12103 12989 12434 10842  8933  4982 11817  2826 13402  6311  7723
 4784  8156  6342 20785 20696 16811 13675 21637 20121 24946 24352 19849 23683 23342  8292 13538 22592 23803 24752 18527 18418 18732 20431 14557 18047 20430 15439 15761 34998 18928 11608 20842  5924  5567 20580 14908 18634 13474  9698 31331 15630 14634 14217 15713 11792 33628 10261  8553 15205 13894 15151 22404 22168 14347 32304 25358 31898 33531 25503 12308 18658 25501 30145 17934 19857 14554 16232 15135 18526 30484  5226 27623 22451 33405 12681 14049 15560  8398 21058 11316  8083 10227 35002 14507 17743  7212 22243 13474 29904 17986
14952 12029 11688 11588 16112  9743 11868 13393  8038  8979 12943 10652 12050 12392 15737  6943  6815 11720 13343 13429 12489 12803  9534 21553 11881  8347 22435  6393 23589  5429 18605  8759 13128 13042  8497   974 25631 20470  7615 24585 10470  9474 21213  6227 18789 22219 17258 15997 22201 20890 10121 10321 10085 21343 20895 13949 20489 22122 14094 19305 13521 14092 18736 15778  7773 21550 13093  2391  7953 19075 12701 10054 11042 13059 10874  7021   316 11207 11861 18313  9719 17224 23593  6239 11814 12558  8143 20470 24889 12888
23396 14302 28591  6484  9160  9285 12508 10068 22022 21212 18561  7061  6658  6316 26884 28855 19700  8877 18961 11270  3699  3226  9153 22363  6140 15434 18634 12629 10198 21021 22972 23528 24331 27816 19671 25143 17664 21438 29527  3090  9576  9625 22182 11717 21367  6892 21625 26656 13155 22002  8704  9334  9716 17773  7504 12902  7826  8731 18235 22946 10196 14458 24354 10836 20725 22360 12282 23389  8562  9574 27475 13033 19167  7717 10870 11473 25795 13665  5899 23069 29808 25192 10202 12906  5207 15371  9795 21438  1725 10465
 6540 13548 11734 29354 11927 12331  9294  9480 24989 29815 29221 14546 14914 14573 10028 18407 27461 30392 29621  9476 17365 17679 16245  5507 15903 25298  6622 20629 28681 23796  6116 25710  7475 10959 25448 19776  9865  4582 14566 22562  9317 10774  5326 20581  4511 25376  4769  9800  6666  5146 10671 31171 31526  5481 25987 30227 26309 27214 30371  6090  9608 30370 35014  8884 24725  5504  7182 20003 14169 28057 10618 31517 27320 29233 10169 18917 20428 10796 18544  6213 12952  8336 28685 19375 17853 12604 15807  4582 21135  8935
24997 12980 14851  5014  7838  7963 11186  8746 13551 22213 19562  5739  5336  4994 13947 14143 20701  8344 19962  9948  2377  1904  7831 12738  4818 11396 12817 11307 11199 22022 15483 14272 25932 17178 11840 26144 10065 13198 14464  2368  8254  8303 13446 10395 14253  7893 23226 15445 11833 13123  7382  8012  8394 13154  8505 13903  8827  9732 19236 14262  8874 15459 25355  9514 12761 13582 10960 24390  7240 10575 16166 10078 20168  6911  9548 10151 14376 12343  4577 13650 14844 14565 11203 11584  3885 14049  8473 13198  2726  9143
24997 12980 14851  5014  7838  7963 11186  8746 13551 22213 19562  5739  5336  4994 13947 14143 20701  8344 19962  9948  2377  1904  7831 12738  4818 11396 12817 11307 11199 22022 15483 14272 25932 17178 11840 26144 10065 13198 14464  2368  8254  8303 13446 10395 14253  7893 23226 15445 11833 13123  7382  8012  8394 13154  8505 13903  8827  9732 19236 14262  8874 15459 25355  9514 12761 13582 10960 24390  7240 10575 16166 10078 20168  6911  9548 10151 14376 12343  4577 13650 14844 14565 11203 11584  3885 14049  8473 13198  2726  9143
27460 18007 29885  6659 22462 13463 17189 14749 18307 17497 14847  8363 11339 10997 30947 25140 15986  7697 15247 14389  9096  9680  9374 26426 10206 11719 22697 14850  3547 17306 27035 19813 28395 31879 15956 21428 21727 25501 25813  4956 13754 13795 26245 13938 25430   424 25688 30719 23585 26065 12883  8476  8831 21836  1258  9187  1580  2076 14520 27009 14877 10743 20640 15517 17010 26423 28101 19674 10720  5859 31538  9318 15452  6538 15048 13694 22080 17370  7676 27132 27916 29255  3551 17371  9889 30755 11098 25501  5835 14643
21677 11885 13756  7426 12420  9375 11907 13432  2279  3220  7481  7327  9387  9729 12987  8270  5341  6113  7881 10761  9683  9997  4621 14253  8737  2475 16739  6432 15165  5074 15030  3000 19853 19766   378  8324 13958 17225 14340 11416 10126  9130 17021  6266 16529 13795 23982 14406 16015 17084  9777  5407  5171 28068 12471  6555 12065 13698  3441 15018 13560  5376 13274 15818  1093 15858 13132  8202  5985  7138 19425  4447  3949  7452 10914  7061  8138 11247  8263 14026 16443 13605 15169  6279 10476 12954  6021 17225 12109 11015
16696  8991 10862  8734 13258  6889  9014 10539  5184  6125 11609  7798  9196  9538 10093  5377  7509  8866 12009 10575  9635  9949  6680 11359  9027  5493 13845  3539 17918  6123 12136  5905 14872 14786  5643  2907 13972 14332  9359 12189  7616  6620 14127  3373 13636 16548 19002 11512 13122 14191  7267  7467  7231 14737 15224 10683 14818 16451  7569 12124 10667 10229 17402 12924  4919 12965 10239  3780  5099  9891 14445  7200  8610 10205  8020  4167  2721  8353  9007 11132 11463 10711 17922  3385  8960 10060  5289 14332 12548 10034
26900 12426 14297  3082  7284  7409 10632  8192 11511 22382 19731  3647  4782  4440 13393 12969 20870  6335 20131  9394  1823  1350  5822 12184  4264  9387 12263 10133 11368 22191 14929 12659 27835 16624  9831 13388  9511 12644 13290  2536  7700  7749 12892  9221 13699  8062 25129 14891 11279 12569  6828  6002  6384 12600  8674 14072  8996  9901 10472 13708  8320 15628 25524  8960 10752 13028 10406 24559  6003 10744 15612  8069 20337  6135  8994  8977 13202 11789  2485 13096 14290 14011 11372 10410  3331 13495  6381 12644  2895  8589
16778 10036 11907  9779 14303  7934 10059 11584  6229  7170 14770  8843 10241 10583 11138  6422  7591  9911 15170 11620 10680 10994  7725 12404 10072  6538 14890  4584 25416  6205 13181  6950 14954 14868  6688  2989 15017 22296  9441 13234  8661  7665 15172  4418 14681 24046 19084 12557 14167 15236  8312  8512  8276 23169 22722 15776 22316 23949  8614 13169 11712 11274 20563 13969  5964 14010 11284  3862  6144 10936 14527  8245  9655 11250  9065  5212  2803  9398 10052 12177 11545 11756 25420  4430 10005 11105  6334 22296 13593 11079
27677 17636 29514  6288 22679 13092 16818 14378 17936 17126 14476  7992 10968 10626 31164 24769 15615  7326 14876 14018  8725  9039  9003 26643  9835 11348 22915 14479  3593 16935 27252 19442 28612 30868 15585 21057 21944 25718 25442  5348 13383 13424 26462 13567 25647   941 25905 30936 23803 26282 12512  8105  8460 22054   887  8816  1209  2122 14149 27226 14506 10372 20269 15146 16639 26640 28318 19303 10349  5488 30527  8947 15081  6167 14677 13323 21709 16999  7305 27349 27545 29472  3597 17000  9518 30384 10727 25718  6052 14272
29952 17318 26688  6730 13911 13533 17341 14819 10523 14300 11650  8433 11409 11067 18420 13704 12789  6127 12050 15621  9166  9480  7457 30781 10276  6060 27052 11999  8890 14109 33605 11244 28128 28042  8945 18231 26082 29856 22616  6547 14986 13990 30600 11087 29785  7520 32258 30997 27940 30420 12953  6559  6914 26191  6196  5990  5790  7423  7224 20451 14947  6681 17443 15587  9488 30778 18566 16477 10845  1227 27701  3659 12255  4621 16347 12494 18883 16680  7746 19459 24719 32224  8894 11712  9959 27558 10881 29856 10190 15875
15782  7017  8347  7239  8957  5192  7420  6885  5639  6580 11399  6303  7701  8043  8169  4582 10790  8686 11799  5367  7303  7617  6091  9089  6316  5313 10852  1746 16146  8905 10542  6360 13958 11215  5433  5689  8938 11300  6821 10694  4732  3736 11134   833 10604 14231 11893  9236 10090 11159  4383  6878  6642 11744 13452 10473 13774 14679  7359 10530  7014 10019 17192  9273  5975  9933  7311  6562  3173  9711 10203  7020  9399 10025  6426  2508  5503  6759  7512  9538  8881  8457 16150  2906  6628  7840  3209 11300 11053  5621
17835 15389 23029 15371  7638 10291 10986  8546 26522 25712 23062  9338  5136  4794 21322 29702 24201 16409 23462  9748  6997  7311 11431 16802  5805 19935 13073 13665 14698 25521 17410 28028 18770 22254 24171 29644 12102 15877 25861  8578  9160  9210 16621 12753 15806 11392 16063 21094 13961 16441 10004 17188 17543 12212 12004 17402 12326 13231 22735 17385  8674 18958 28855  9314 25225 16799 10760 27889  9598 14074 21913 17534 23668 15250 10454 12509 30296 14232  8176 17508 24247 19630 14702 15875  7485 23899 10513 15877  7151  9879
