 1723  1340  1590   219   945   988  1292
 1012   420   666   980   975   892   589
 1013   421   667   989   984   901   598
 1860  1342  1592   356  1082   943  1296
  773   965   722  1812  1388  1633  1382
  900  1000   978  1218  1488  1237  1102
 1150  1525  1603   878   979  1084  1326
  368  1064   821  1541   823  1199   848
 1364  1359  1609   727   813   918  1160
 1364  1359  1609   727   813   918  1160
 1353  1836  1790   704  1334  1484  1798
 1405  1194  1444   807  1454  1242  1217
 1124   798  1048   938  1207   957   821
 1490  1424  1674   561   878   983  1225
 1115   904  1154  1043  1313  1062   927
 1283  1729  1683   597  1264  1377  1691
 1580  1661  1658   861  1609  1642  1685
 1253   747   994   791  1061   714   770
  884  1463  1337   980   741   992  1088
