 20996  11092  11217  19675   6019  14399  25091   8701  26058  26058  28290  25967  16111  26389  16228  28835  29816  15984  16853
 12782   3206   3331  11461   8824  11825  14689  15061  13334  13334  29800  12931   8771  12779   9778  28872  27243   8921  23213
 14429   5509   5634  13108   6379  12683  27662  11272  14981  14981  30861  14578  10418  14426  11425  31406  28101   9194  19424
  2633   9355   9480   2275  20908  11576   6014  16628   4659   4659   6766   7692   8761   2712   9767   6383   6720   6544   8413
  8464   8839   8964   8967  21064  12987   9369  10751   8014   8014  18593  11911  10172   7460  11178  19139  22019   7955   7693
  6225   6695   6820   4904  16278   8916   7965  14865   6610   6610  11751   7840   6101   6055   7107  11368  11704   3884   9386
 11729   4073   4198  10408  13227  10060  12964  10595  11609  11609  17255  11405   7245  11055   8252  16872  15982   7395  11288
  9848   6513   6638  10351  17407  12500  10753   9611   9398   9398  19977  13845   9685   8844  10692  20523  18422   9835   9077
  8522  10194  10319   8649  22563   8518  22627  28801  13937  13937  18870   2653   5703  11990   6710  17942  10266   5843  28545
  8553  10225  10350   8680  21785   8549  21849  28023  13968  13968  18092   2684   5734  12021   6741  17164  10297   5874  27767
 14118  24682  24807  15075  27256  15457  19702  35528  21474  21474  15945   9131  17169  21417  17286  15017  13388  13214  25620
  4594   7650   7775   3273  19203   9871   7582  16261   6227   6227  10120   7333   7056   4402   8062   9737  10074   4839   8802
  5905   9686   9811   6408  23074  12073   6810  12761   5455   5455  16034   9396   9258   4901  10264  16580  19460   7041   5134
  5564  10395  10520   6067  22733  12415   6469  12420   5114   5114  15693   9738   9600   4560  10606  16239  19119   7383   4793
 12380   3133   3258  11059   8734  14235  14930  11535  13575  13575  17906  12972   8812  13020   9819  17523  17549   6818  19687
 11417   6924   7049  11655  13528   7608  29710  19765  14022  14022  25953   8954   4793  13704   5800  25025  13531   4595  27917
 11714  16151  16276  12671  18726   6926  19455  24963  21227  21227  15698   5251   8638  21170   8755  14770  13141  11434  25373
  3080  13978  14103   4037  27224  12302   7920  27551   7393   7393   6866   6751   9487   6359  10494   6483   5064   8767  17643
 13006  23570  23695  13963  26144  14345  18590  34416  20362  20362  14833   8019  16057  20305  16174  13905  12276  12102  24508
 10356   7125   7250   7767  17982  10922  11261  10186   9906   9906  20485  11400   8107   9352   9113  14231  23911   5890   9585
  4351  10752  10877   4854  25878  12973   3577  15565   2222   2222   9658  10116  10158   1667  11164  10204  13084   7941   7349
  4163  10564  10689   4666  25690  12785   3259  15377   1904   1904   9340   9928   9970   1350  10976   9886  12766   7753   7161
  1538   8995   9120   1995  20548   9734   8308  17569   6953   6953   9239   4573   6919   5006   7926   8856   7662   5991  10707
 13335   8556   8681  11538  14053  14543  22974   6257  12885  12885  26173  15888  11728  12331  12735  26718  29598  11878  14736
  5156   9534   9659   3836  18835  11461   6163  13904   4808   4808  10682   8685   8646   4253   9652  10299  10636   6429   5805
  5532   9503   9628   5659  19667   7827  16102  20007  10947  10947  12345   2275   5012   9000   6019  11417   6686   4292  22021
 14148  10805  10930  14651  15151  23531  18631   6562  19598  19598  21830  18137  13977  19929  14984  22375  25255  14127  10393
  8914   5193   5318   7593  15066   7046  12152  15405  10797  10797  14440   8391   4231   9642   5238  14057  12968   3098  13270
 11468  18303  18428  11223  35714  23299   9575  25400  11347  11347   3382  17364  25011   9885  25128   2666   8190  15492  15493
 11549  14636  14761  12506  17210   5410  20972  23447  22744  22744  17215   5149   6104  15017   6221  16287  11627   8900  31599
 15948   6393   6518  14907  10859  19239  23882   6499  24849  24849  27081  15904  11744  25180  12751  27626  30506  11894  15644
  9304  10976  11101   9431  24034   9300  24098  30272  14719  14719  20341   3435   6485  12772   7492  19413  11047   6624  18473
 16149   6902   7027  14828   6837  16195  26103   9713  27070  27070  29302  16741  12581  27401  18024  29847  32727  10587  17865
 15105   5858   5983  13784   6075  14055  26524  10134  27491  27491  29723  15697  11537  27822  12544  30268  33148   9543  18286
  6450  10672  10797   6577  22083   8996  20177  28321  11865  11865  16420    443   6181   9918   7188  15492   7870   5427  26095
 11256   9943  10068  11360  15027    974  25226  21264  14564  14564  21469   8793   2893  13409   3010  20541  18912   5689  29417
 10741  10085  10210  11244  18074  16072  18827   7760  10291  10291  22026  14359  13257   9737  14264  22571  25451   9434  10589
 13640  10691  10816  14143  13096  21476  20277   5300  13190  13190  23476  18023  13863  12636  14870  24021  26901  14013  12039
 12327   6484   6609  11006  10552   8702  30433  16789  14210  14210  26676  11325   7165  13055   8172  25748  15902   7315  24941
  5041  12803  12928   5544  30628  25185   2576  20315   2068   2068   4771  11734  12209   2400  13215   5485  10076   9992  10408
  8924   6915   7040   7603  17772  12902  11723   9976  10368  10368  14450  14247  10087   9814  11094  14067  14403   5726  10047
  6894   6446   6571   5573  16078   8667   8716  14419   7361   7361  12420   8509   5852   6806   6858  12037  12373   3635   8940
 14726   9947  10072  12928  12992  21372  21912   5196  14276  14276  25111  17279  13119  13722  14126  25656  28536  13269  13674
  9029   5864   5989   8534  16028   6083  12015  16367  10660  10660  15381   6945   3268  10583   4275  14998  11552   1233  17060
 14727   7622   7747  12930  11028  19408  21994   5278  14277  14277  25193  17280  13120  13723  14127  25738  28618  13270  13756
  9405  16240  16365   9160  32887  22095   6748  22574   8520   8520    424  16160  23807   7144  23924    941   6986  13429  12667
 16273   7739   7864  14476   9508  17888  22531   6141  23498  23498  25730  17251  19600  23829  19717  26275  29155  13241  14293
 15318   6071   6196  13997  10406  18786  26644  10254  17150  17150  29843  15686  11526  16596  12533  30388  33268   9756  18406
 11907   8571   8696  12410  15770  14558  12812   7974  11457  11457  24354  15903  11743  10903  12750  24899  27779  11893  12917
 13219   9883  10008  13722  16087  15870  14124   8291  12769  12769  23771  17215  13055  12215  14062  24316  27196  13205  12334
  6804   6877   7002   5484  16178  10576   8451  12203   7096   7096  12330   9500   7761   6541   8767  11947  12284   5544   8199
  3846  13995  14120   4803  27241  12319   9591  29222   9261   9261   8537   6768   9504   7314  10511   8154   6637   8784  13015
  4056  11973  12098   4183  27761  10297  10826  29538   9471   9471   8853   5136   7482   7524   8489   8470   7157   6554  13225
 15888  11184  11309  16391  13964  22344  18264   6196  19231  19231  21463  18516  14356  19562  15363  22008  24888  14506  10026
  8818  15653  15778   8573  33063  21587   6924  22749   8696   8696   1247  15652  23299   7235  23416    864   6478  12842  12842
  7874  24404  24529   8831  26978  15178  12982  28808  14754  14754   9225   6391  16890  14697  17007   8297   5430  10474  18901
  9151  15986  16111   8906  33396  21124   7257  23082   9029   9029   1580  15189  22836   7568  22953   1197   6015  13175  13175
  9920  16755  16880   9675  34165  21893   8026  23851   9798   9798   2349  15958  23605   8337  23722   1966   6784  13944  13944
  6954  12446  12571   7911  25098  13298  19002  31335  12369  12369  15245   3117   7955  10422   8962  14317   7032   7201  24920
 15230   7929   8054  13433  11335  19715  22497   5781  14780  14780  25696  16237  12077  14226  13084  26241  29121  12227  14259
  9325   7130   7255   9828  18025  13117  10230  11297   8875   8875  19455  14462  10302   8321  11309  20001  22881  10452   8555
  7276  14917  15042   8233  25479  13679  16884  32710  12691  12691  13127   5909  10426  10744  11433  12199   6665   9992  22803
 17718  28282  28407  18675  30856  19057  23302  39128  25074  25074  19545  12731  20769  25017  20886  18617  16988  16814  29220
 11038   9037   9162  11541  17378  15024  11943   8572  10588  10588  23840  16369  12209  10034  13216  24385  27265  12359  12403
  7468   9736   9861   7595  22937   8060  19224  29175  12883  12883  15467   1599   5245  10936   6252  14539   9808   5384  16637
 14980  10201  10326  13183  13246  21626  22167   5450  23134  23134  25366  17533  13373  23465  14380  25911  28791  13523  13929
 10962   6183   6308   9165  16277  12170  11867   8481  10512  10512  21091  13515   9355   9958  10362  21637  18092   9505  10191
 12111  10798  10923  12215  15290   2416  24506  21527  26278  26278  20749   9648   3748  14264   3865  19821  18192   6544  29680
  3810   6934   7059   3335  18487   8330   8589  16489   7234   7234  10557   6414   5515   5760   6522  10174   9934   3052   9195
  7151  14792  14917   8108  29228  17428  12255  28081  14027  14027   8498   7564  10301   8028  11308   7570   1227   9581  18174
 15589   6013   6138  14268   5226  11909  28332  11942  29299  29299  29884  15738  13621  15586  13738  28956  27327  11728  20094
  4498  12140  12265   5455  30032  10464  13059  28885   9913   9913   9302   4912   7649   7966   8656   8374   3643   6929  18978
 10284  17249  17374  11241  19823   8024  19330  26061  21102  21102  15573   3884   9736  21045   9853  14645  13016   9380  25248
  2641  13714  13839   3598  26960  12038   7542  27173   8056   8056   6488   6487   9223   6109  10230   6105   4686   8503  11810
 10319   4372   4497   8998  13509  10359  10925  10976   9570   9570  15845  11704   7544   9015   8551  15462  16281   6171  11668
  8267   4055   4180   6946  14219   6605  11505  14559  10150  10150  13793   7950   3790   8995   4797  13410  12527   2451  15251
 11087   9774   9899  11191  15683    316  25882  21920  14395  14395  22125   8624   2724  13240   2841  21197  13201   5520  30073
 11783   4158   4283  10462  12023  10634  15449  11410  14094  14094  17309  11979   7819  13540   8826  16926  16556   7969  13773
  2405   9676   9801   2908  32923  11897   4871  22610   3614   3614   7694   8171   9082   1695  10088   7311   7648   6865   8029
 14001   7577   7702  13912  10765  13564  23640   6923  13551  13551  26839  14909  10749  12997  11756  27384  19486  10899  15402
 14332   3737   3862  13011   8756  10215  31384  14994  14884  14884  28190  14481  11927  14329  12044  27262  25633  10471  23146
 14166   4919   5044  12845   9705  18085  25943   9553  15686  15686  29142  15482  11322  15132  12329  29687  20059  11472  17705
 12948  19783  19908  12703  37194  25717  11055  26880  12827  12827   3386  19782  27429  11365  27546   2670  10608  16972  16973
  9048   3851   3976   7727  14015   5996  12286  14355  10931  10931  14574   7341   3181   9776   4188  14191  11918   3331  15047
  4501   8585   8710   3181  17918  10806   5525  15240   4170   4170  10027   8030   7991   3615   8997   9644   9981   5774   6738
 12745   3168   3293  11424   9769  12769  14652  16006  13297  13297  30744  12894   8734  12742   9741  29816  17471   8884  24158
  4195   8145   8270   3721  20398   8366   9139  18209   7784   7784  11011   6450   5551   6214   6558  10628  11057   3088  10615
 13640  10691  10816  14143  13096  21476  20277   5300  13190  13190  23476  18023  13863  12636  14870  24021  26901  14013  12039
  5944  13181  13306   6447  29531  24088   1478  19218   2446   2446   5553  18153  25800   2777  25917   6099   8979  10370   9311
 10589   6026   6151  11092  16883  12013  11494   9087  10139  10139  20719  13358   9198   9585  10205  21265  17935   9348   9819
