 1731   881   880  1723   562   838  1276   584  1438  1438  1460  1467  1022  1499  1054  1384  1555  1155   777
 1308   367   366  1300   785   830  1570   912  1406  1406  1567  1146   748  1449   848  1462  1547   779  1105
 1570   700   699  1562   772  1027  1602   910  1668  1668  1786  1408  1010  1711  1110  1710  1744  1121  1103
  317   996   989   365  1838  1224   702  1343   538   538   657   967   948   455  1047   565   781   745   887
  953   953   946  1054  1400  1372   981   743   817   817  1392  1305  1096   860  1195  1316  1542   893   762
  722   737   730   714  1508   965   991  1221   827   827  1199   898   689   870   788  1107  1323   486  1091
 1196   436   429  1188  1161   897  1325  1004  1161  1161  1673  1019   621  1204   721  1581  1477   652  1105
 1054   701   694  1155  1357  1162  1082   862   918   918  1492  1284   886   961   986  1416  1742   917   862
  999  1179  1172  1137  1586   979  1502  1713  1575  1575  1364   445   703  1492   803  1259  1157   717  1704
  930  1110  1103  1068  1440   910  1356  1567  1506  1506  1218   376   634  1423   734  1113  1088   648  1558
 1324  1628  1627  1455  1630  1017  1159  1691  1391  1391  1021   857  1201  1445  1233   916  1001  1144  1361
  531   843   836   523  1685  1071   945  1401   781   781  1009   905   795   697   894   917  1133   592  1079
  771  1064  1057   872  1608  1410   799   951   635   635  1209  1227  1134   678  1233  1133  1359   931   579
  716  1083  1076   817  1553  1467   744   896   580   580  1154  1284  1191   623  1290  1078  1304   988   524
 1360   396   395  1352  1039  1097  1655  1020  1491  1491  1837  1250   852  1534   952  1745  1708   817  1213
 1269   784   777  1341  1078   762  1642  1205  1619  1619  1504   884   486  1600   586  1399  1342   415  1398
 1241  1137  1136  1372  1140   526  1181  1267  1413  1413  1043   678   710  1467   742   938  1023   946  1383
  449  1420  1413   580  2039  1220  1014  1510   988   988   766   746   944   823  1044   674   633   851  1180
 1250  1554  1553  1381  1556   943  1085  1617  1317  1317   947   783  1127  1371  1159   842   927  1070  1287
 1148   856   849  1183  1486  1291  1176   991  1012  1012  1586  1363  1015  1055  1114  1576  1736   812   956
  617  1273  1266   717  1894  1501   415  1237   251   251   975  1253  1225   295  1324   899  1125  1022   781
  566  1222  1215   666  1843  1450   381  1186   217   217   941  1202  1174   260  1273   865  1091   971   730
  258  1093  1086   340  1935  1098   998  1604   834   834   975   583   822   751   922   883   899   695  1183
 1451   917   910  1503  1113  1378  1347   618  1315  1315  1531  1500  1102  1358  1202  1455  1681  1133   848
  721  1031  1024   714  1720  1327   772  1116   608   608  1199  1176  1051   651  1150  1107  1323   848   690
  612   979   972   749  1686   779  1179  1800  1188  1188  1041   305   503  1105   603   936   704   410  1381
 1554  1271  1264  1655  1251  1527  1133   606  1295  1295  1317  1854  1456  1356  1556  1241  1467  1487   634
  973   595   588   965  1353   726  1476  1467  1312  1312  1450   848   450  1224   550  1358  1306   425  1496
 1199  1846  1839  1215  2011  1468   822  1353  1054  1054   556  1364  1652  1096  1684   375   895  1595  1024
 1346  1136  1135  1477  1139   525  1503  1266  1735  1735  1365   754   742  1839   775  1260  1390   979  1459
 1705   803   802  1674   890  1166  1300   661  1462  1462  1484  1505  1107  1523  1207  1408  1634  1138   801
 1010  1188  1181  1148  1663   988  1579  1790  1586  1586  1441   456   712  1503   812  1336  1166   726  1935
 1877   913   912  1869   839  1100  1431   739  1593  1593  1615  1767  1369  1654  1316  1539  1765  1334   932
 1718   754   753  1710   716  1066  1453   761  1615  1615  1637  1608  1210  1676  1310  1561  1787  1175   954
  721  1142  1135   859  1544   942  1328  1671  1297  1297  1190    88   666  1214   766  1085   852   548  1530
 1277  1021  1014  1348  1091   129  1398  1218  1695  1695  1260   892   327  1607   359  1155  1240   563  1411
 1144  1070  1063  1245  1231  1531  1116   574  1008  1008  1300  1503  1255  1051  1355  1224  1450  1095   617
 1502  1159  1152  1603  1029  1305  1135   534  1366  1366  1319  1742  1344  1409  1444  1243  1469  1375   636
 1238   692   685  1230   896   737  1612  1023  1577  1577  1474  1029   631  1489   731  1369  1487   662  1216
  703  1500  1493   803  1705  1389   398  1048   331   331   634  1272  1452   392  1551   614   816  1249   718
 1118   759   752  1110  1389  1220  1203   894  1039  1039  1595  1342   944  1082  1044  1503  1719   739   983
  890   801   794   882  1504  1029  1130  1235   966   966  1367  1084   753  1009   852  1275  1491   550  1105
 1583  1049  1042  1636   982  1258  1216   487  1447  1447  1400  1632  1234  1490  1334  1324  1550  1265   717
 1109   743   736  1155  1450   726  1594  1564  1430  1430  1640   779   450  1414   550  1548  1260   226  1665
 1559   939   938  1611   919  1195  1244   515  1423  1423  1428  1608  1210  1466  1310  1352  1578  1241   745
 1040  1687  1680  1056  1791  1283   602  1134   834   834    88  1180  1467   934  1499   165   710  1436   804
 1740   972   971  1793   733  1009  1142   450  1304  1304  1326  1675  1193  1365  1225  1250  1476  1308   643
 1746   782   781  1738  1044  1320  1584   892  1789  1789  1768  1600  1202  1832  1302  1692  1918  1203  1085
 1265   919   912  1366  1276  1380  1293   781  1129  1129  1602  1502  1104  1172  1204  1526  1752  1135   919
 1432  1086  1079  1533  1312  1547  1460   817  1296  1296  1586  1669  1271  1339  1371  1510  1736  1302   903
  872   739   732   865  1428  1139  1009   981   845   845  1350  1072   863   888   962  1258  1474   660   929
  530  1416  1409   661  2035  1216  1237  1733  1106  1106   989   742   940  1023  1040   897   780   847  1455
  553  1395  1388   690  2081  1194  1293  1756  1129  1129  1012   679   918  1046  1018   920   826   791  1478
 1606  1272  1265  1707  1151  1427  1090   560  1252  1252  1274  1855  1457  1313  1557  1198  1424  1488   591
  930  1577  1570   946  1742  1197   553  1084   785   785   238  1093  1381   827  1413   146   624  1326   755
  909  1568  1567  1040  1571   957   956  1488  1188  1188   818   783  1141  1242  1173   713   685  1070  1158
 1007  1654  1647  1023  1819  1283   630  1161   862   862   315  1179  1467   904  1499   223   710  1403   832
 1117  1764  1757  1133  1929  1393   740  1271   972   972   425  1289  1577  1014  1609   333   820  1513   942
  754  1320  1313   885  1571   958  1204  1698  1330  1330  1066   438   844  1247   944   961   798   725  1406
 1647   999   998  1699   979  1255  1332   603  1511  1511  1516  1606  1208  1554  1308  1440  1666  1239   833
 1026   794   787  1127  1449  1255  1054   879   890   890  1464  1377   979   933  1079  1388  1614  1010   834
  826  1553  1546   957  1577   963  1090  1621  1402  1402   952   688  1077  1319  1177   847   765   975  1292
 1552  1856  1855  1683  1858  1245  1387  1919  1619  1619  1249  1085  1429  1673  1461  1144  1229  1372  1589
 1186   999   992  1287  1487  1460  1214   852  1050  1050  1563  1582  1184  1093  1284  1487  1713  1215   880
  829  1044  1037   967  1563   844  1496  1690  1405  1405  1358   275   568  1322   668  1253  1021   581  1754
 1646  1112  1105  1698  1052  1328  1287   557  1449  1449  1471  1695  1297  1510  1397  1395  1621  1328   788
 1186   652   645  1238  1256  1113  1214   761  1050  1050  1624  1235   837  1093   937  1548  1693   868   994
 1339  1083  1076  1411  1133   328  1395  1260  1627  1627  1257   954   389  1670   422  1152  1237   626  1453
  551   836   829   601  1678   922  1138  1496   974   974  1131   741   646   905   746  1039  1192   407  1185
  794  1513  1506   925  1753  1139   926  1458  1158  1158   788   839  1037  1095  1137   683   231   944  1128
 1660   719   718  1652   578   897  1504   812  1666  1666  1634  1498  1081  1801  1113  1529  1614  1131  1005
  514  1233  1226   645  1736  1033   910  1442  1090  1090   772   559   757  1007   857   667   434   664  1112
 1086  1286  1285  1217  1289   676  1124  1416  1356  1356   986   494   860  1410   892   881   966   907  1326
  319  1342  1335   450  1961  1142   959  1455   895   895   711   668   866   812   966   619   578   773  1244
 1132   513   506  1124  1313   974  1281  1045  1117  1117  1609  1096   698  1160   798  1517  1554   679  1146
  898   520   513   890  1227   647  1401  1341  1237  1237  1375   769   371  1149   471  1283  1227   350  1442
 1267  1011  1004  1338  1125    50  1432  1252  1685  1685  1294   882   317  1597   349  1189  1340   553  1445
 1305   487   486  1297  1110   971  1548  1161  1384  1384  1782  1093   695  1427   795  1690  1551   726  1329
  398  1153  1146   498  1940  1381   633  1283   483   483   848  1034  1105   313  1204   756   972   902   875
 1544   790   783  1542  1009  1251  1440   711  1408  1408  1624  1373   975  1451  1075  1548  1831  1006   941
 1479   456   455  1471   795   800  1614   922  1577  1577  1537  1317   984  1620  1016  1432  1517   950  1115
 1589   625   624  1581   929  1205  1469   777  1560  1560  1653  1428  1030  1603  1130  1577  1886  1061   970
 1190  1837  1830  1206  2001  1457   812  1343  1044  1044   602  1353  1641  1087  1673   421   884  1586  1014
 1018   491   484  1010  1199   572  1521  1312  1357  1357  1495   694   296  1269   396  1403  1152   327  1414
  611   986   979   604  1684  1214   651  1233   487   487  1089  1066   938   530  1037   997  1213   735   830
 1328   387   386  1320   904   950  1590  1031  1426  1426  1687  1166   768  1469   868  1582  1624   799  1224
  731  1142  1135   781  2012  1069  1397  1774  1233  1233  1296   888   793  1070   893  1204  1369   554  1512
 1502  1159  1152  1603  1029  1305  1135   534  1366  1366  1319  1742  1344  1409  1444  1243  1469  1375   636
  869  1591  1584   969  1571  1255   248   914   422   422   532  1152  1439   483  1471   456   682  1340   584
 1127   676   669  1228  1306  1137  1155   811   991   991  1566  1259   861  1034   961  1490  1717   892   936
