    0   783   540  1551   901  1253   932  1016  1476  1333  1173  1482  1173  1116   685   749  1148  1757  1165  1032  1404  1438  1589   651  1328  1433   763  1151  1522  1093   470  1487   169   453  1434   808   779   514   493  1300   994  1102   625  1160   515  1392   301   647   753   586  1084  1845  1789   611  1350  1228  1408  1455  1279   720  1062  1289  1511  1014  1379   745   746   839  1400  1480   385  1498  1091  1648   811   892   847   843  1669   559   441   459  1562   913  1463   664  1616   514  1106   940
  565     0   250  1128   961   826   575   762  1100  1152  1164  1059  1001   974   554   740  1139  1381  1156   785  1155  1189  1166   882   992  1057  1091   846  1600  1084   729  1111   547   507  1058   800  1036   842   485  1603   775   650   953   818   842  1585   628   596   991   914   652  1469  1413   939  1428  1220  1496  1533  1270   944   780  1281  1502  1024  1003  1028   762   831   934  1472   374  1209  1082  1466   468   538   839   427  1246   783   199   567  1640   537  1086   379  1232   842  1434   693
  497   415     0  1390  1227  1088   907  1094  1362  1414  1361  1321  1362  1305   303   937  1336  1643  1353  1117  1417  1451  1428   791  1254  1319  1089  1181  1848  1281   579  1373   474   383  1320   997  1105   840   682  1626  1037   912   951  1080   725  1718   627   345   988   986   914  1731  1675   937  1676  1417  1693  1781  1467   794  1112  1478  1699  1180  1265  1015   911  1028  1196  1669   497  1471  1279  1728   799   800  1036   461  1508   633   396   417  1888   799  1348   296  1494   840  1432  1025
 1525  1132  1382     0   747   780  1094   829  1224  1276  1127   153   565   509  1332  1167  1062   535  1119   944   286   320   451  1260   487   729  1252   963   703  1167  1518  1235  1600  1639   930  1193   959  1353  1095   516   810   827  1397   890  1382   675  1488  1453  1190  1368   731   534   565  1368   531   857   589   636   907  1443   854   996  1465   920  1002  1362  1069  1291   483   782  1506   678  1120   416   949   711  1174  1134   142  1356  1331  1342   743   870   393  1296   608  1353   573   893
  925   892  1142   888     0   408   517   252  1314  1366  1773   784   334   277  1046  1246  1761  1171  1765   441   565   599   949   683   489  1239   675  1111  1454  1710   941  1325  1042  1291  1217  1341   382   776  1132  1014   488   540   820  1038   805  1324   991  1215   613   791   426  1170  1246   791  1282  1554  1340  1387  1451   866   277  1632  2111   343  1230   785   492  1439   798  1413  1266  1314  1580  1257   627   859  1322   856   772   779  1091  1008  1494   927   624  1104  1053   776  1070   467
 1288   724   974   542   676     0   766   730   907   959  1366   473   511   567   924   908  1354   940  1358   577   576   610   580   906   491   832  1122   704  1245  1303  1164   918  1270  1231   810   934   754  1126   836  1024   443   418  1193   631  1028  1217  1214  1091   971  1097   421   933   877  1235  1073  1366  1131  1178  1044  1089   749  1287  1704   815   823  1008   715  1032   391  1281  1098   984  1173   958   593   452   915   726   660  1002   923   970  1285   611   507   934   646  1126  1080   526
  776   376   626  1016   608   566     0   409   973  1025  1487   928   678   621   529   729  1420  1254  1479   432   909   943  1054   496   732   930   765   722  1719  1298   526   984   893   883   931   866   683   793   615  1358   361   435   836   691   665  1691   682   698   638   764   391  1342  1286   878  1547  1487  1605  1652  1165   578   427  1408  1825   671   876   675   423   964   865  1379   750  1082  1239  1339   119   411   847   339  1134   417   575   491  1759   410   916   587  1082   793  1414   375
  882   641   891   989   366   549   265     0  1238  1290  1752   926   435   378   794   994  1685  1272  1744   365   666   700  1091   431   589  1195   498   987  1554  1563   689  1249   999  1148  1196  1131   440   525   880  1115   327   435   569   956   553  1424   739   963   362   540   472  1271  1302   611  1382  1752  1440  1487  1430   614   184  1673  2090   403  1141   533   240  1229   994  1644  1015  1347  1504  1358   384   676  1112   604   873   527   840   756  1594   675   725   852  1249   525  1171   273
 1366  1196  1446  1058  1546  1317  1219  1406     0   280   961  1129  1363  1419  1404   905   675   934   953  1428  1323  1357   798  1525  1354   544  1761   820  1397   624  1555   343  1349  1403   395   948  1624  1643  1040  1512  1286  1161  1832   804  1691  1382  1430  1573  1634  1760  1278   937   881  1740  1225  1031  1293  1330   708  1607  1424   952  1299  1667   297  1671  1406   868   812  1059  1330   762   494  1019  1111   808   929  1198  1179  1446  1153  1450  1437   688  1430  1406   901  1643  1395  1336
 1220  1127  1377   989  1477  1248  1150  1337   149     0   815  1060  1294  1350  1335   836   529   865   807  1359  1254  1288   729  1456  1285   475  1692   751  1251   478  1486   274  1203  1257   326   879  1555  1497   894  1443  1217  1092  1763   735  1622  1236  1284  1504  1565  1691  1209   868   812  1594  1079   885  1147  1184   562  1538  1355   806  1153  1598   228  1602  1337   722   743   990  1184   693   348   950  1042   739   860  1129  1110  1377  1007  1381  1291   619  1361  1337   832  1497  1249  1267
 1410  1510  1488  1228  1854  1778  1779  1965  1130   981     0  1381  1834  1737  1731  1158   660  1138   267  1847  1514  1492  1189  1825  1780   936  1936  1362  1054   765  1643  1176  1393  1447   826   987  1789  1687  1084  1243  1713  1588  1798  1289  1688  1039  1474  1774  1926  1759  1705  1270  1272  1784   882   674   950   987   669  1894  1983   728   613  2129   959  1919  1966   912  1256   926  1374   899   718  1223  1671  1367  1026  1698  1370  1733  1198  1633  1094  1248  1621  1617  1345  1687  1052  1796
 1464   979  1229   351   855   627   980   903  1071  1123  1453     0   499   555  1179  1014  1452   749  1445   791   530   564   389  1120   445   757  1336   810  1055  1401  1325  1082  1447  1486   868  1040   934  1340   942   845   657   674  1407   737  1242  1027  1428  1300  1185  1311   578   742   686  1443   883  1209   941   988  1121  1303   928  1210  1791   995   940  1222   929  1138   330  1134  1353   892  1271   768   796   558  1021   981   470  1216  1178  1189  1095   717   461  1143   455  1340   902   740
 1133   969  1219   702   355   479   702   437  1354  1406  1640   546     0    56  1169  1353  1576   989  1632   626   383   417   711   868   198  1079   860  1149  1271  1723  1126  1365  1250  1476  1190  1379   567   961  1281   832   509   570  1005  1076   990  1141  1096  1336   798   976   430   988  1008   976  1099  1371  1157  1204  1361  1051   462  1450  1978   528  1262   970   677  1477   674  1230  1343  1132  1593  1075   648   897  1360   971   590   964  1168  1193  1311  1056   442  1179   874   961   888   592
 1078  1026  1276   651   300   551   647   382  1411  1463  1585   603    56     0  1176  1376  1521   934  1577   571   328   362   768   813   255  1128   805  1206  1216  1626  1071  1422  1195  1444  1247  1436   512   906  1262   777   566   627   950  1133   935  1086  1041  1345   743   921   487   933   964   921  1044  1316  1102  1149  1306   996   407  1395  1923   473  1319   915   622  1534   731  1175  1400  1077  1634  1020   705   954  1417   986   535   909  1225  1138  1256  1057   387  1234   931   906   833   597
  743   266   257  1180   989   911   603   790  1204  1256  1431  1111  1058  1001     0   960  1406  1485  1423   813  1240  1274  1218   652  1077  1161  1006   877  1883  1351   440  1215   720   651  1162  1067  1064   875   752  1673   738   735   904   922   585  1855   596   406   849   846   737  1573  1517  1077  1711  1487  1769  1816  1396   655   808  1548  1769  1017  1107   876   704  1098  1029  1610   640  1313  1349  1570   495   642  1078   157  1298   494   465   278  1923   641  1171   187  1284   875  1542   721
  858   800   935  1169  1209  1092   823  1010   838   890  1101  1100  1278  1221  1008     0  1076  1119  1093  1033  1368  1402  1068  1129  1283   795  1365   485  1537  1021  1090   849   841   895   796   731  1284  1135   530  1662   983   858  1246   454  1135  1522   921  1177  1239  1207   975  1207  1151  1232  1365  1157  1433  1470  1030  1211  1028  1273  1439  1271   741  1276  1010   767   793  1244   822   947  1019  1204   715   501   712   802  1287  1050   645  1054  1577   422  1299  1010   882  1135  1535   941
  919  1019   997  1300  1584  1578  1281  1468   737   588   640  1442  1751  1679  1240   667     0  1055   632  1491  1565  1599  1106  1334  1697   853  1445  1075  1076   275  1152   806   902   957   647   496  1462  1196   593  1265  1416  1360  1307  1029  1197  1061   983  1283  1435  1268  1432  1187  1189  1293   904   696   972  1009   651  1403  1486   757   978  1697   705  1428  1429   421  1174   948   884   891   207  1140  1173   959   535  1207  1421  1242   707  1142  1116   912  1672  1126  1263  1196  1074  1399
 1693  1436  1686   508  1234  1210  1460  1316   970  1020  1132   650  1052   996  1645  1145  1128     0  1124  1374   773   807   437  1747   984   441  1739  1069   812  1077  1796   981  1802  1856   715  1189  1446  1840  1384   696  1240  1295  1884   996  1869   784  1655  1814  1677  1855  1162   289   379  1855   640   798   698   745   619  1848  1341   708  1470  1407   782  1849  1556  1287   826   634  1810   390   947   203  1352  1048  1170  1438   629  1687  1635  1691   852   929   880  1646   976  1840   766  1323
 1336  1436  1414  1154  1780  1704  1705  1891  1056   907    78  1307  1760  1663  1657  1084   586  1064     0  1773  1440  1418  1115  1751  1706   862  1862  1288   980   691  1569  1102  1319  1373   752   913  1715  1613  1010  1169  1639  1514  1724  1215  1614   965  1400  1700  1852  1685  1631  1196  1198  1710   808   600   876   913   595  1820  1909   654   573  2055   885  1845  1892   838  1182   852  1300   825   644  1149  1597  1293   952  1624  1296  1659  1124  1559  1020  1174  1547  1543  1271  1613   978  1722
 1011   752  1002  1011   459   512   420   260  1393  1445  1831   875   529   472   949  1149  1840  1366  1823     0   760   794  1040   560   683  1350   758   974  1714  1692   818  1404  1128  1259  1275  1260   534   780  1035  1209   165   301   829   973   682  1518   868  1118   625   751   338  1365  1337   871  1542  1748  1600  1647  1509   743   279  1752  2169   519  1296   662   369  1358   860  1607  1126  1502  1659  1427   379   709  1241   754   967   656   951   862  1754   830   819  1007  1115   780  1265   180
 1419  1187  1437   472   641   746   988   723  1470  1522  1406   537   458   402  1387  1444  1342   835  1398   912     0    34   748  1154   427  1029  1146  1240  1037  1447  1412  1481  1536  1694  1216  1470   853  1247  1372   448   775   837  1291  1167  1276   907  1382  1554  1084  1262   697   834   865  1262   865  1137   923   970  1207  1337   748  1296  1744   814  1288  1256   963  1568   765   996  1561   978  1399   807   914   988  1451  1189   447  1250  1386  1433  1077  1147   287  1397   992  1247   504   858
 1368  1136  1386   504   590   695   937   672  1419  1471  1372   503   407   351  1336  1393  1308   784  1364   861    81     0   697  1103   376   978  1095  1189  1003  1413  1361  1430  1485  1643  1165  1419   802  1196  1321   414   724   786  1240  1116  1225   873  1331  1503  1033  1211   646   783   814  1211   831  1103   889   936  1156  1286   697  1245  1710   763  1237  1205   912  1517   714   962  1510   927  1365   839   863   937  1400  1138   384  1199  1335  1382  1043  1096   236  1346   958  1196   470   807
 1714  1229  1479   317  1043   830  1183  1125   824   876  1131   388   702   758  1429  1024  1130   384  1123   994   582   616     0  1323   648   435  1548   913  1021  1079  1587   835  1697  1736   546  1067  1137  1543  1192   812   860   922  1610   840  1445   993  1631  1550  1388  1514   782   383   363  1664   849   935   907   954   756  1506  1150   845  1469  1216   618  1425  1132  1165   423   823  1603   527   949   470   999   808  1048  1231   438  1419  1428  1439  1061   807   689  1393   573  1543   869   943
  638   863   863  1331   762   832   481   563  1454  1506  1723  1195   832   775   605  1210  1698  1669  1715   551  1063  1097  1360     0   986  1411   440  1203  1593  1643   396  1465   755  1004  1412  1347   837   407  1044  1371   513   621   436  1172   260  1463   446   706   283   378   658  1668  1657   568  1421  1693  1479  1526  1646   256   581  1889  2061   533  1357   289   265  1390  1180  1552   936  1563  1720  1747   543   892  1328   662  1270   161   992   408  1633   891  1122   791  1435   407  1177   459
 1298   936  1186   542   520   446   799   602  1295  1347  1724   386   165   220  1136  1270  1742   939  1716   610   357   391   660   939     0  1028  1025  1066  1245  1691  1203  1306  1415  1443  1139  1296   732  1126  1198   805   476   537  1170   993  1061  1217  1247  1303   963  1130   397   938   957  1141  1073  1399  1131  1178  1311  1122   627  1400  2062   693  1211  1041   748  1394   591  1324  1310  1082  1561   958   615   814  1277   938   563  1035  1135  1168  1285   973   276  1146   822  1126   861   559
 1465   995  1245   671  1256  1044  1019  1205   529   581   830   741  1055  1111  1204   704   829   481   822  1113   936   970   410  1325  1001     0  1561   628  1074   778  1355   540  1448  1502   274   748  1334  1589   943  1059   979   854  1632   555  1491  1059  1511  1373  1434  1560   971   549   493  1674   902   717   970  1007   508  1407  1223   627  1168  1467   341  1471  1206   846   522   606  1369   309   648   566   911   607   729   997   792  1246  1194  1250  1114   488  1043  1205   611  1589  1129  1062
  776  1210  1270  1476   758  1049   834   666  1808  1860  1748  1426   935   878  1012  1437  1684  1676  1740   856  1166  1200  1591   576  1089  1765     0  1557  1379  1789   606  1819   893  1142  1766  1497   636   262  1182  1157   877   985   287  1526   470  1249   629  1114   352   254   910  1771  1802   113  1207  1479  1265  1312  1749   784   692  1620  2086   420  1711   560   629  1528  1440  1338  1074  1518  1741  1505   954  1246  1536  1134  1373   666  1130   816  1419  1245  1225  1199  1695   262   963   823
 1132   662   912   793  1071   769   686   872   802   854  1316   724   916   972   871   558  1249  1083  1308   794  1061  1095   831   992   907   759  1228     0  1496  1127  1022   813  1115  1169   760   695  1077  1256   610  1286   660   535  1299   416  1158  1468  1178  1040  1101  1227   652  1184  1128  1341  1324  1316  1382  1429   994  1074   890  1237  1654  1134   705  1138   873   793   642  1208  1036   911  1068  1209   578   274   676   664   911   913   861   917  1536   155   992   895   897  1256  1343   743
 1536  1982  1938   850  1517  1630  1944  1679  1546  1397  1176  1003  1415  1359  2001  1608  1111  1050  1168  1794  1136  1170  1187  1706  1337  1139  1698  1813     0  1216  1667  1615  1653  1898  1333  1438  1452  1643  1535   865  1660  1677  1754  1740  1590   539  1498  1993  1785  1689  1581  1145  1175  1559   566   906   425   315  1176  1905  1704  1047  1514  1770  1466  1799  1800  1363  1333   766  1825   945  1169   879  1799  1561  1477  1984   992  1796  1648  1805   117  1627  1243  2067  1458  1643   807  1743
  918  1018   996  1405  1583  1611  1280  1467   813   664   962  1523  1715  1678  1239   666   385  1160   954  1490  1670  1704  1211  1333  1706   958  1444  1077  1398     0  1151   882   901   956   723   495  1461  1195   592  1587  1415  1359  1306  1061  1196  1383   982  1282  1434  1267  1431  1292  1294  1292  1226  1018  1294  1331   756  1402  1485  1000  1300  1696   781  1427  1428   457  1255  1292   883   996   429  1245  1172   958   534  1206  1526  1241   706  1141  1438   944  1777  1125  1336  1195  1396  1398
  415   673   664  1502   925  1028   735   817  1459  1511  1501  1390  1086  1029   406  1077  1476  1740  1493   805  1317  1351  1555   412  1194  1416   614  1208  1546  1421     0  1470   532   781  1417  1136   803   436   821  1324   767   875   465  1177   146  1416   157   507   573   407   853  1828  1772   638  1374  1557  1432  1479  1651   409   835  1618  1839   787  1362   517   519  1167  1351  1505   713  1568  1419  1672   580   897  1175   528  1524   328   769   209  1586   896  1376   593  1568   436  1130   713
 1443  1205  1455  1069  1555  1326  1228  1415   328   359  1057  1140  1372  1428  1413   914   752   943  1049  1437  1334  1368   809  1534  1400   555  1770   829  1474   701  1564     0  1426  1480   406   957  1633  1798  1117  1521  1295  1170  1841   813  1700  1459  1507  1582  1643  1769  1287   948   892  1883  1302  1058  1370  1407   735  1616  1433   979  1395  1676   308  1680  1415   945   821  1068  1407   771   571  1028  1120   817   938  1207  1190  1455  1230  1459  1514   697  1441  1415   910  1798  1591  1345
  326   683   500  1697  1056  1402  1120  1171  1721  1595  1435  1628  1328  1271   516  1011  1410  2002  1427  1187  1559  1593  1735   806  1568  1678   918  1394  1677  1355   625  1732     0   565  1679  1070   934   669   755  1455  1149  1226   780  1439   670  1547   456   558   908   741  1228  2090  2034   766  1505  1490  1563  1610  1541   875  1325  1551  1773  1169  1624   900   901  1101  1510  1636   560  1830  1353  1803  1012  1159  1109   674  1815   714   679   629  1717  1158  1662   564  1801   669  1261  1095
  348   524   342  1538  1078  1244   961  1148  1562  1614  1400  1469  1416  1359   357   976  1375  1843  1392  1171  1573  1607  1576   845  1410  1519   940  1235  1699  1320   633  1573   326     0  1520  1036   956   691   721  1477  1096  1068   802  1280   692  1569   478   399   930   763  1070  1931  1875   788  1527  1456  1585  1632  1506   848  1166  1517  1738  1191  1465   922   923  1067  1352  1658   461  1671  1318  1825   853  1000  1075   515  1656   687   552   471  1739   999  1504   405  1642   691  1283  1079
 1324  1158  1408   780  1394  1182  1182  1368   394   409   734   851  1165  1221  1367   867   633   629   726  1251  1045  1079   520  1488  1111   266  1724   766  1223   582  1518   407  1307  1361     0   911  1472  1752   998  1207  1117   992  1795   693  1654  1208  1388  1536  1597  1723  1109   659   603  1698  1051   734  1119  1156   412  1570  1386   641  1072  1533   190  1634  1369   826   660   754  1288   457   452   714  1074   770   892  1160   901  1409  1111  1413  1263   651  1152  1368   749  1752  1277  1200
  870  1037   948  1176  1446  1195  1060  1247   846   898   857  1107  1299  1355  1191   618   766  1127   849  1270  1444  1478  1076  1285  1290   803  1396   662  1293   637  1103   857   853   908   804     0  1413  1147   544  1482  1132  1007  1258   646  1148  1278   934  1234  1386  1219  1124  1215  1159  1244  1121   913  1189  1226   963  1354  1265   974  1195  1509   749  1379  1247   230   839  1165   835   955   775  1212   952   649   139  1039  1294  1193   658  1093  1333   529  1375  1077   921  1147  1291  1178
  757   993  1243  1079   327   605   634   369  1512  1564  1731   982   525   468  1163  1363  1666  1362  1723   559   756   790  1147   800   680  1437   793  1257  1362  1771   888  1523   874  1123  1415  1500     0   894  1163  1140   533   585   938  1256   810  1232   719  1213   731   909   471  1361  1392   779  1190  1461  1248  1295  1649   983   395  1602  2069   461  1428   902   609  1508   996  1321  1055  1505  1778  1448   672   992  1481   973   963   896  1111  1025  1402  1044   815  1221  1251   894   946   585
  554  1101  1007  1437   760   997   723   614  1696  1748  1639  1374   883   826   834  1215  1614  1720  1631   760  1114  1148  1539   413  1037  1653   276  1445  1381  1559   428  1707   671   920  1654  1275   638     0   960  1159   756   864   110  1414   292  1251   390   936   238    71   858  1719  1750   223  1209  1481  1267  1314  1745   606   593  1622  1977   528  1599   383   507  1306  1388  1340   852  1520  1557  1507   842  1134  1314   956  1321   503   908   638  1421  1133  1173  1021  1643     0   965   702
  675   708   753  1058  1117  1034   731   918   983  1035  1071   989  1186  1129   916   588  1046  1264  1063   941  1326  1360  1096  1037  1172   940  1273   658  1507   991   908   994   658   713   941   707  1192   952     0  1551   866   800  1063   667   953  1492   739  1085  1147  1024   896  1352  1296  1049  1335  1127  1403  1440  1175  1119   936  1188  1409  1179   886  1184   918   738   907  1389   640  1092   989  1349   623   399   746   710  1176   958   463   898  1547   420  1257   882  1092   952  1608   849
 1230  1558  1808   501  1012  1117  1359  1094  1496  1319  1097   657   829   773  1758  1530  1033   774  1089  1283   503   421   834  1400   798   967  1392  1467   752  1138  1361  1507  1347  1596  1241  1359  1147  1337  1456     0  1146  1208  1448  1394  1284   566  1192  1687  1455  1383  1068   869   899  1253   580   828   638   685  1098  1599  1119   969  1435  1185  1308  1493  1334  1284   987   687  1528   916  1090   604  1285  1215  1398  1560   546  1490  1570  1499   792  1374   658  1768  1112  1337   196  1229
  914   679   929   938   486   439   323   287  1296  1348  1810   802   556   499   852  1052  1743  1336  1802   178   787   821   967   463   605  1253   679   901  1641  1621   721  1307  1031  1186  1254  1189   561   683   938  1236     0   228   750   900   585  1545   771  1021   528   654   265  1320  1264   792  1469  1810  1527  1574  1488   646   306  1731  2148   546  1199   565   272  1287   787  1702  1053  1405  1562  1354   214   636  1170   662   994   559   878   768  1681   733   846   910  1042   683  1292    83
 1284   720   970   710   690   234   782   737  1092  1144  1552   641   525   581   920   972  1539  1108  1544   593   715   749   748   922   516  1018  1138   768  1413  1430  1128  1103  1266  1227   996   998   768  1142   900  1163   459     0  1209   695  1044  1385  1230  1087   987  1113   381  1101  1045  1251  1241  1552  1299  1346  1230  1105   765  1473  1890   829  1008  1024   731  1096   559  1467  1094  1170  1358  1126   598   516   979   722   828  1018   919   966  1453   675   646   930   814  1142  1219   542
  507   991   982  1464   841   965   613   695  1586  1638  1592  1328   964   907   724  1168  1567  1801  1584   684  1195  1229  1493   303  1118  1543   371  1335  1462  1512   318  1597   624   873  1544  1228   719   193   913  1240   646   754     0  1304   182  1332   368   826   330   164   791  1800  1790   395  1290  1562  1348  1395  1778   496   713  1709  1930   665  1489   273   397  1259  1313  1421   805  1695  1510  1588   732  1024  1267   846  1402   393   861   528  1502  1023  1254   911  1568   193  1046   592
 1229   759  1009   983  1168   903   782   969   802   854  1247   914  1106  1181   967   496  1249  1037  1239   928  1179  1213   908  1088  1094   713  1325   190  1686  1127  1118   813  1212  1266   691   695  1243  1353   707  1476   794   669  1396     0  1255  1658  1274  1136  1198  1324   786  1047   991  1438  1514  1247  1572  1619   925  1170   987  1168  1585  1231   705  1235   969   793   604  1162  1133   865  1068  1122   674   371   676   761  1101  1009   958  1013  1726   251  1110   969   693  1353  1533   877
  444   809   800  1439   869   940   589   671  1562  1614  1530  1303   940   883   542  1106  1505  1777  1522   659  1171  1205  1468   266  1094  1519   468  1311  1490  1450   136  1573   561   810  1520  1165   747   290   850  1268   621   729   319  1280     0  1360   186   644   427   261   766  1776  1765   492  1318  1586  1376  1423  1636   315   689  1647  1868   641  1465   371   373  1196  1288  1449   742  1671  1448  1616   708  1000  1204   664  1378   242   798   346  1530   999  1230   729  1543   290  1074   567
 1317  1823  1754   691  1298  1471  1785  1520  1362  1213   991   844  1256  1200  1781  1424   927   891   983  1635   977   996  1028  1486  1178   955  1478  1654   530  1032  1448  1431  1434  1714  1149  1253  1233  1423  1350   575  1501  1518  1534  1581  1370     0  1279  1773  1565  1469  1422   986  1016  1339   276   722   326   416   992  1685  1545   863  1329  1611  1282  1579  1580  1179  1174   581  1641   761   985   720  1640  1402  1292  1825   833  1576  1464  1585   534  1443  1084  1883  1299  1423   496  1584
  258   842   711  1485   767  1122   770   852  1629  1504  1344  1485  1121  1064   575   920  1319  1685  1336   841  1352  1386  1650   460  1275  1586   651  1378  1388  1264   169  1640   375   624  1587   979   645   391   664  1166   803   911   502  1347   214  1258     0   677   590   444   948  1780  1810   518  1216  1400  1274  1321  1450   477   870  1461  1682   822  1532   554   554  1010  1470  1347   556  1527  1262  1514   750  1067  1018   697  1559   404   612   379  1428  1066  1411   762  1725   391   972   749
  569   531   488  1566  1209  1180   853  1037  1554  1606  1654  1497  1306  1249   385  1230  1629  1835  1646  1060  1537  1571  1604   638  1346  1511   992  1263  1830  1574   426  1565   686   712  1512  1290  1087   861   975  1608   975  1049   890  1272   571  1700   582     0   835   832  1005  1923  1867   918  1658  1710  1716  1763  1746   641  1055  1771  1992  1027  1457   862   758  1321  1366  1789   808  1663  1572  1920   732   992  1329   507  1684   480   730   229  1870   991  1596   412  1670   861  1414   989
  801   858  1113  1200   576   760   482   377  1456  1508  1970  1137   646   589   942  1212  1903  1483  1962   523   877   911  1302   385   800  1413   284  1205  1664  1781   609  1467   918  1167  1414  1349   651   305  1098  1326   525   633   349  1174   473  1534   659  1043     0   320   621  1482  1513   397  1492  1764  1550  1597  1648   633   355  1891  2308   290  1359   453   277  1447  1151  1623  1099  1565  1722  1569   602   894  1330   796  1084   475  1057   745  1704   893   936  1044  1406   305  1248   471
  837  1025  1188  1367   743   927   649   544  1623  1675  1922  1304   813   756   930  1379  1897  1650  1914   690  1044  1078  1469   396   967  1580   273  1372  1648  1842   645  1634   954  1203  1581  1516   818   244  1243  1493   692   800   288  1341   509  1518   695  1031   167     0   788  1649  1680   377  1476  1748  1534  1581  1815   581   522  1889  2260   457  1526   489   444  1614  1318  1607  1135  1732  1889  1736   769  1061  1497   963  1251   486  1224   733  1688  1060  1103  1116  1573   244  1232   638
 1098   644   894   693   553   174   507   471  1081  1133  1540   537   349   405   844  1082  1528  1086  1532   318   594   628   702   647   340  1006   863   878  1396  1477   911  1092  1190  1151   984  1108   514   867  1010  1042   184   246   934   805   769  1368   955  1011   712   838     0  1055   999   976  1224  1540  1282  1329  1218   830   490  1461  1878   575   997   749   456  1206   565  1455  1018  1158  1347  1109   323   626  1089   646   775   743   843   876  1436   785   525   854   820   867  1098   267
 1815  1432  1682   589  1315  1205  1456  1397   966  1016  1128   731  1077  1077  1641  1141  1124   293  1120  1369   854   888   432  1698  1023   437  1820  1065  1035  1073  1792   977  1798  1852   711  1185  1512  1921  1380   919  1235  1291  1965   992  1820  1007  1948  1810  1763  1889  1157     0   220  1936   863   794   921   968   615  1844  1422   704  1466  1488   778  1800  1507  1283   798   682  1806   386   943   426  1348  1044  1166  1434   710  1683  1631  1687  1075   925   961  1642   948  1921   989  1318
 1861  1411  1661   612  1338  1124  1434  1420   920   972  1174   682   996  1052  1619  1120  1170   364  1166  1288   877   911   351  1617   942   483  1833  1009  1058  1119  1770   931  1844  1918   642  1163  1431  1837  1359   942  1154  1216  1904   936  1739  1030  1926  1788  1682  1808  1076   207     0  1959   886   840   944   991   661  1822  1445   750  1512  1511   714  1719  1426  1261   717   728  1785   432   989   450  1293  1023  1144  1413   733  1661  1610  1665  1098   903   984  1621   867  1837  1012  1237
  676  1211  1129  1433   715  1067   835   749  1809  1861  1705  1444   987   930  1050  1337  1641  1633  1697   876  1218  1252  1609   623  1142  1669   258  1558  1336  1681   644  1820   793  1042  1767  1397   593   252  1082  1114   965  1073   335  1527   508  1206   512  1152   354   302   932  1728  1758     0  1164  1436  1222  1269  1706   823   709  1577  2043   503  1712   608   717  1428  1458  1295   974  1475  1679  1462   955  1247  1436  1172  1425   713  1030   854  1376  1246  1277  1237  1713   252   920   911
 1267  1713  1667   581  1248  1361  1675  1410  1275  1126   904   734  1146  1090  1732  1337   840   781   896  1525   867   901   918  1437  1068   868  1429  1544   318   945  1398  1344  1384  1627  1062  1167  1183  1374  1263   596  1391  1408  1485  1471  1321   256  1229  1724  1516  1420  1312   876   906  1290     0   635   197   208   905  1636  1435   776  1242  1501  1195  1530  1531  1092  1064   495  1554   674   898   610  1530  1292  1206  1715   723  1527  1377  1536   358  1356   974  1796  1189  1374   446  1474
 1350  1450  1428   968  1652  1704  1705  1776  1036   887   697  1110  1512  1456  1671  1098   601   723   689  1773  1233  1267   897  1765  1444   657  1876  1288   851   706  1583  1102  1333  1388   712   927  1587  1627  1024  1040  1639  1514  1738  1215  1628   836  1414  1714  1866  1699  1631   855   885  1724   679     0   747   784   595  1834  1801   180  1035  1867   885  1859  1892   852  1182   536  1315   414   658   808  1597  1293   966  1638  1089  1673  1138  1573   891  1174  1340  1557  1271  1627   849  1722
 1344  1790  1753   658  1325  1438  1752  1487  1361  1212   991   811  1223  1167  1809  1423   926   858   983  1602   944   978   995  1514  1145   954  1506  1621   390  1031  1475  1430  1461  1713  1148  1253  1260  1451  1350   673  1468  1485  1562  1548  1398   333  1306  1801  1593  1497  1389   953   983  1367   194   721     0   166   991  1713  1512   862  1329  1578  1281  1607  1608  1178  1141   581  1640   760   984   687  1607  1369  1292  1792   800  1604  1463  1613   429  1442  1051  1882  1266  1451   523  1551
 1454  1900  1863   768  1435  1548  1862  1597  1471  1322  1101   921  1333  1277  1919  1533  1036   968  1093  1712  1054  1088  1105  1624  1255  1064  1616  1731   563  1141  1585  1540  1571  1823  1258  1363  1370  1561  1460   783  1578  1595  1672  1658  1508   443  1416  1911  1703  1607  1499  1063  1093  1477   304   831   110     0  1101  1823  1622   972  1439  1688  1391  1717  1718  1288  1251   691  1750   870  1094   797  1717  1479  1402  1902   910  1714  1573  1723   663  1552  1161  1992  1376  1561   633  1661
 1351  1336  1428   813  1539  1359  1360  1546   711   562   610   955  1357  1301  1545  1045   601   568   602  1428  1078  1112   769  1666  1289   502  1902   943  1099   619  1584   757  1334  1388   407   928  1649  1628  1025  1146  1294  1169  1739   870  1629  1084  1415  1714  1775  1700  1286   700   730  1725   927   610   995  1032     0  1748  1564   495   948  1712   540  1812  1547   853   837   700  1315   404   489   653  1252   948   967  1338   934  1587  1138  1591  1139   829  1185  1546   926  1628  1097  1377
  504   869   860  1527   957  1028   633   759  1560  1612  1590  1391  1028   971   602  1166  1565  1841  1582   747  1259  1293  1556   338  1182  1517   556  1309  1578  1510   196  1571   621   870  1518  1225   835   378   910  1356   709   817   407  1278    87  1448   246   704   515   349   854  1864  1853   580  1406  1646  1464  1511  1752     0   777  1707  1928   729  1463   459   461  1256  1376  1537   802  1669  1508  1704   681   998  1264   724  1466   233   858   406  1618   997  1318   789  1631   378  1162   655
  974   733   983   961   338   521   357    92  1331  1383  1845   898   407   350   886  1087  1778  1244  1837   271   638   672  1063   523   561  1288   579  1080  1526  1656   781  1342  1091  1240  1289  1224   412   607   973  1087   377   485   651  1049   645  1396   831  1055   443   622   382  1243  1274   692  1354  1626  1412  1459  1523   706     0  1705  2183   240  1234   625   332  1322   912  1485  1107  1387  1597  1330   477   769  1205   696   845   619   932   849  1566   768   697   944  1167   607  1143   297
 1356  1456  1434   885  1611  1609  1593  1693   962   813   658  1027  1429  1373  1678  1104   607   640   650  1678  1150  1184   814  1771  1361   574  1882  1193   985   712  1589  1007  1340  1394   629   933  1823  1633  1030  1218  1544  1419  1744  1120  1634   970  1420  1721  1872  1705  1536   772   802  1730   813   191   881   918   500  1840  1718     0   996  1784   790  1865  1780   859  1087   667  1321   331   665   725  1485  1181   972  1571  1006  1679  1144  1579  1025  1062  1257  1563  1176  1633   983  1627
 1638  1738  1716  1456  2082  2006  2007  2193  1358  1209   663  1609  2062  1965  1959  1386   888  1366   585  2075  1742  1720  1417  2053  2008  1164  2164  1590  1282   993  1871  1404  1621  1675  1054  1215  2017  1915  1312  1471  1941  1816  2026  1517  1916  1267  1702  2002  2154  1987  1933  1498  1500  2012  1110   902  1178  1215   897  2122  2211   956     0  2357  1187  2147  2194  1140  1484  1154  1602  1127   946  1451  1899  1595  1254  1926  1598  1961  1426  1861  1322  1476  1849  1845  1573  1915  1280  2024
 1012   939  1189  1121   497   681   563   298  1536  1588  2050  1058   567   510  1054  1292  1983  1404  2042   488   798   832  1223   562   721  1493   383  1285  1625  1861   819  1547  1129  1378  1494  1429   572   513  1178  1247   594   702   557  1254   683  1495   869  1155   350   528   542  1403  1434   498  1453  1725  1511  1558  1728   745   257  1865  2388     0  1439   663   402  1527  1072  1584  1313  1547  1802  1490   682   974  1410   902  1005   658  1138   857  1665   973   857  1150  1327   513  1209   514
 1343  1061  1311   888  1410  1181  1084  1271   205   257   876   959  1227  1283  1269   770   652   798   868  1293  1153  1187   628  1390  1218   374  1626   685  1391   601  1420   217  1326  1380   225   813  1488  1654  1009  1376  1150  1025  1697   669  1556  1376  1407  1438  1499  1625  1142   767   711  1739  1219   877  1287  1324   554  1472  1289   798  1214  1532     0  1536  1271   845   676   923  1307   626   471   883   976   673   794  1063  1009  1311  1130  1315  1431   553  1260  1271   765  1654  1446  1201
  577  1058  1049  1526   912  1027   676   758  1649  1701  1662  1390  1027   970   791  1238  1637  1864  1654   746  1258  1292  1555   365  1181  1606   521  1398  1533  1582   385  1660   694   943  1607  1298   790   343   983  1311   708   816   372  1367   249  1403   435   893   480   314   853  1863  1852   545  1361  1633  1419  1466  1768   563   776  1779  2000   770  1552     0   460  1329  1375  1492   875  1758  1580  1659   795  1087  1337   913  1465   490   931   595  1573  1086  1317   978  1630   343  1117   654
  781   592   842  1066   497   567   216   298  1189  1241  1703   930   567   510   745   945  1636  1404  1695   286   798   832  1095   331   721  1146   578   938  1686  1514   589  1200   898  1099  1147  1082   572   551   831  1247   248   356   650   907   453  1556   639   914   396   522   393  1403  1392   691  1514  1703  1572  1619  1381   514   316  1624  2041   484  1092   433     0  1180   915  1595   966  1298  1455  1482   335   627  1063   555  1005   427   791   707  1726   626   857   803  1170   551  1303   194
  912  1012   990  1239  1508  1258  1122  1309   908   901   855  1170  1362  1418  1233   660   559  1189   847  1332  1507  1541  1138  1327  1353   865  1438   724  1290   430  1145   919   895   950   866   234  1455  1189   586  1479  1195  1070  1300   708  1190  1275   976  1276  1428  1261  1187  1277  1221  1286  1118   910  1186  1223   961  1396  1327   971  1193  1571   811  1421  1309     0   902  1162   877  1017   666  1274  1014   711   312  1101  1357  1235   700  1135  1330   591  1438  1119   983  1189  1288  1240
 1457   935  1185   473   951   735  1060   998   749   801  1209   405   605   661  1135   829  1196   677  1201   871   723   757   293  1200   596   675  1416   625  1177  1145  1318   760  1440  1442   653   891  1029  1420   935   967   737   630  1487   552  1322  1149  1508  1302  1265  1391   715   646   590  1529  1005  1209  1063  1110   887  1383  1043  1138  1547  1090   665  1302  1009   989     0  1116  1309   820  1015   763   805   551   872   937   592  1209  1134  1181  1217   669   654  1145   320  1420  1024   820
 1532  1529  1610   853  1579  1578  1553  1661  1063  1069   847   995  1397  1341  1738  1238   783   608   839  1647  1118  1152   782  1859  1329   534  1802  1162   821   888  1765  1074  1515  1570   808  1109  1557  1747  1206   968  1513  1388  1858  1089  1694   806  1596  1907  1968  1793  1505   740   770  1663   649   554   717   754   724  1941  1686   658  1185  1752   875  2005  1740  1034  1056     0  1497   341   840   573  1445  1141  1148  1531   974  1780  1320  1784   861  1022  1225  1739  1145  1747   819  1596
  464   591   467  1480  1129  1178   927  1114  1452  1391  1231  1411  1353  1326   717   807  1206  1733  1223  1137  1507  1541  1518   879  1344  1409   990  1198  1667  1151   697  1463   444   360  1410   867  1007   741   552  1528  1127  1002   852  1170   742  1620   528   759   980   813  1004  1821  1765   838  1495  1287  1563  1600  1337   948  1132  1348  1569  1242  1355   973   974   898  1286  1539     0  1561  1149  1818   820   890   906   770  1598   787   287   687  1707   889  1438   591  1584   741  1334  1045
 1515  1249  1499   573  1299  1298  1273  1381   783   782   807   715  1117  1061  1458   958   766   328   799  1367   838   872   502  1579  1049   254  1815   882   805   839  1609   794  1498  1553   516  1002  1511  1843  1189   906  1233  1108  1886   809  1745   790  1579  1627  1688  1814  1225   460   490  1647   633   408   701   738   381  1661  1406   318  1145  1472   595  1725  1460  1017   776   336  1480     0   709   413  1165   861   983  1251   694  1500  1303  1504   845   742   945  1459   865  1843   803  1316
 1069  1168  1146  1145  1733  1541  1431  1618   553   404   583  1287  1596  1633  1390   817   201   900   575  1610  1410  1444   951  1483  1542   698  1595  1125  1019   327  1302   622  1052  1106   463   646  1611  1346   743  1208  1476  1351  1457  1052  1347  1004  1133  1433  1585  1418  1468  1032  1034  1443   847   639   915   952   496  1553  1636   700   921  1846   521  1577  1578   571  1019   891  1033   736     0   985  1323  1129   685  1356  1266  1392   856  1292  1059  1010  1517  1275  1108  1346  1017  1559
 1741  1358  1608   378  1104  1080  1382  1186   892   942  1054   520   922   866  1567  1067  1050   170  1046  1244   643   677   307  1617   854   363  1609   991   757   999  1718   903  1724  1778   637  1111  1316  1710  1306   641  1110  1194  1754   918  1739   729  1600  1736  1547  1725  1032   265   295  1725   585   720   643   690   541  1770  1211   630  1392  1277   704  1719  1426  1209   696   608  1732   312   869     0  1274   970  1092  1360   499  1609  1557  1613   797   851   750  1568   846  1710   711  1193
  838   452   702   952   649   447   263   460  1050  1102  1564   809   622   661   605   806  1497  1331  1556   351   866   900   974   558   613  1007   805   799  1655  1375   588  1061   955   959  1008   943   703   834   692  1314   242   317   876   768   736  1627   744   774   679   805   272  1327  1271   918  1483  1564  1541  1588  1242   640   468  1485  1902   711   953   716   423  1041   758  1456   826  1159  1316  1368     0   488   924   415  1047   479   651   553  1695   487   797   663  1056   834  1370   256
 1006   536   786   718   945   694   559   746   723   775  1237   649   841   897   744   479  1170  1004  1229   719   986  1020   756   865   832   680  1102   312  1421  1048   895   734   989  1043   681   616  1002  1130   484  1211   585   460  1173   322  1032  1393  1051   913   975  1101   577  1092  1036  1215  1249  1237  1307  1354   915   947   764  1158  1575  1008   626  1012   746   714   567  1129   910   832   989  1089   451     0   597   538   836   786   735   790  1461   160   917   746   822  1130  1268   668
  904  1027   982  1166  1436  1185  1050  1237   836   888   891  1097  1289  1345  1235   652   842  1117   883  1260  1434  1468  1066  1356  1280   793  1430   652  1327   713  1137   847   887   942   794   143  1511  1181   578  1516  1122   997  1292   636  1182  1312   968  1268  1466  1253  1114  1205  1149  1278  1155   947  1223  1260  1028  1438  1255  1008  1229  1499   739  1503  1237   306   829  1242   869   945   809  1202   942   639     0  1029  1284  1277   692  1127  1367   519  1365  1111   911  1181  1325  1168
  792   326   455  1125   832   786   446   633  1047  1099  1561  1056   901   844   327   803  1494  1328  1553   656  1132  1166  1163   620   952  1004   952   796  1828  1372   535  1058   811   832  1005   940   907   950   689  1581   581   647   979   765   681  1800   692   496   795   921   611  1416  1360  1065  1656  1561  1714  1761  1239   702   651  1482  1899   860   950   832   547  1038   931  1453   700  1156  1313  1413   338   485   921     0  1243   541   525   373  1868   484  1083   386  1156   950  1637   564
 1465  1281  1531   242   735   840  1082   817  1275  1327  1332   310   553   497  1481  1324  1268   616  1324  1006   274   265   529  1248   521   810  1240  1120   894  1373  1506  1286  1582  1788   997  1350   947  1341  1252   374   869   931  1385  1047  1370   833  1427  1610  1178  1356   791   615   646  1356   722  1063   780   827   988  1431   842  1077  1670   908  1069  1350  1057  1448   640   922  1655   759  1316   607  1008   868  1331  1283     0  1344  1480  1499   934  1027   381  1453   765  1341   431   952
  534   712   703  1370   855   896   463   656  1327  1379  1619  1258   925   868   445  1083  1594  1608  1611   644  1156  1190  1423   158  1079  1284   533  1076  1686  1539   283  1338   651   921  1285  1220   930   500   940  1464   606   714   529  1045   248  1556   407   546   376   471   721  1696  1640   661  1514  1675  1572  1619  1519   161   674  1762  1957   626  1230   382   358  1286  1219  1733   832  1436  1593  1693   448   765  1201   567  1363     0   911   248  1726   764  1215   631  1436   500  1270   552
  575   438   388  1299  1132   997   746   933  1271  1294  1135  1230  1172  1145   692   710  1109  1552  1127   956  1326  1360  1337   989  1163  1228  1101  1017  1570  1054   807  1282   558   510  1229   770  1117   852   455  1638   946   821   963   989   852  1555   638   732  1091   924   823  1640  1584   949  1398  1190  1466  1503  1240  1059   951  1251  1473  1195  1174  1083   933   801  1105  1442   338  1380  1052  1637   639   709   809   598  1417   898     0   738  1610   708  1257   517  1403   852  1444   864
  454   495   486  1409  1007   951   624   808  1382  1434  1539  1313  1077  1020   228  1138  1514  1663  1531   831  1308  1342  1447   409  1117  1339   763  1131  1715  1459   197  1393   571   705  1340  1175   972   632   860  1493   746   820   661  1100   342  1585   353   298   606   603   776  1751  1695   834  1543  1595  1601  1648  1574   412   826  1656  1877   798  1285   633   529  1206  1258  1674   801  1491  1457  1748   503   820  1214   350  1527   251   694     0  1755   819  1367   415  1513   632  1299   760
 1526  1973  1927   841  1507  1621  1935  1670  1535  1386  1164   994  1406  1350  1991  1597  1100  1041  1156  1785  1127  1161  1178  1696  1328  1128  1688  1804   134  1205  1657  1604  1643  1887  1322  1427  1442  1633  1523   856  1651  1668  1744  1731  1580   552  1488  1983  1775  1679  1572  1136  1166  1549   612   895   471   361  1165  1895  1695  1036  1502  1761  1455  1789  1790  1352  1324   755  1814   934  1158   870  1790  1552  1466  1975   983  1786  1637  1795     0  1616  1234  2056  1449  1633   781  1734
  978   508   758   838   917   814   531   718   648   700  1162   769   986   929   716   404  1095   929  1154   740  1106  1140   876   837   952   605  1073   397  1541   973   867   659   961  1015   606   541   991  1101   456  1331   666   580  1144   366  1003  1513  1023   885   946  1072   696  1017   961  1186  1369  1162  1427  1474   840   919   736  1083  1500   979   551   983   718   639   687  1054   882   757   914  1014   423   120   522   510   956   758   707   762  1581     0  1037   718   757  1101  1388   648
 1402   900  1150   432   660   459   811   735  1183  1235  1614   276   305   360  1100  1157  1630   829  1606   622   236   270   550   951   140   918  1167   953  1135  1579  1215  1194  1446  1407  1029  1183   766  1171  1085   684   488   550  1238   880  1073  1107  1259  1267  1016  1142   410   828   847  1275   963  1289  1021  1068  1201  1134   760  1290  1952   827  1101  1053   760  1281   478  1214  1274   972  1449   848   627   701  1164   902   453  1047  1099  1146  1175   860     0  1110   712  1171   740   571
  684   119   359  1148   981   846   595   782  1120  1172  1284  1079  1021   994   430   876  1259  1401  1276   805  1175  1209  1186   904  1012  1077  1138   866  1720  1204   692  1131   666   626  1078   920  1056   961   605  1623   795   670  1072   838   837  1705   747   469  1011  1033   672  1489  1433  1058  1548  1340  1616  1653  1312   907   800  1401  1622  1044  1023  1048   782   951   954  1526   493  1229  1202  1486   488   558   959   390  1266   746   318   530  1760   557  1106     0  1252   961  1553   713
 1791  1306  1556   638  1229  1000  1378  1276   896   948  1356   570   932   988  1506   976  1343   857  1348  1189   982  1016   473  1518   897   822  1734   772  1342  1292  1624   907  1774  1813   800  1038  1307  1738  1269  1132  1055  1001  1805   699  1640  1314  1826  1599  1583  1709  1033   826   770  1816  1170  1356  1228  1275  1034  1701  1301  1277  1694  1368   812  1620  1327  1136   354  1271  1680   974  1162   943  1176   885  1019  1308   757  1515  1505  1488  1382   816   912  1442     0  1738  1189  1138
  554  1101  1007  1437   760   997   723   614  1696  1748  1639  1374   883   826   834  1215  1614  1720  1631   760  1114  1148  1539   413  1037  1653   276  1445  1381  1559   428  1707   671   920  1654  1275   638     0   960  1159   756   864   110  1414   292  1251   390   936   238    71   858  1719  1750   223  1209  1481  1267  1314  1745   606   593  1622  1977   528  1599   383   507  1306  1388  1340   852  1520  1557  1507   842  1134  1314   956  1321   503   908   638  1421  1133  1173  1021  1643     0   965   702
 1096  1649  1549   713  1078  1208  1450  1185  1334  1185   963   748   920   864  1561  1396   899   887   955  1374   594   512  1000  1266   889   927  1258  1558   594  1004  1227  1403  1213  1462  1121  1225  1013  1203  1322   285  1237  1299  1314  1485  1150   464  1058  1553  1345  1249  1159   982  1012  1119   422   694   480   527   964  1465  1210   835  1301  1276  1254  1359  1360  1150  1078   553  1394   733   956   717  1376  1306  1264  1651   630  1356  1436  1365   634  1465   749  1673  1203  1203     0  1320
  831   616   866  1001   439   502   240   240  1213  1265  1727   865   508   451   769   969  1660  1345  1719   221   739   773  1030   380   663  1170   596   962  1628  1538   638  1224   948  1123  1171  1106   514   600   855  1188   183   291   667   931   502  1498   688   938   445   571   328  1344  1327   709  1456  1727  1514  1561  1405   563   258  1648  2065   506  1116   482   189  1204   850  1619   990  1322  1479  1431   359   651  1087   579   946   476   815   682  1668   650   798   827  1105   600  1244     0
